n memo dp
200 0 0
400 2 0
600 3 1
800 4 1
1000 4 1
1200 5 1
1400 7 1
1600 7 2
1800 8 2
2000 9 2
2200 10 2
2400 13 3
2600 12 3
2800 13 3
3000 14 4
3200 16 4
3400 16 4
3600 18 4
3800 20 5
4000 19 5
4200 22 5
4400 23 5
4600 23 6
4800 25 6
5000 25 6
5200 27 7
5400 26 7
5600 28 7
5800 31 7
6000 32 8
6200 34 8
6400 34 8
6600 36 8
6800 37 9
7000 38 9
7200 37 9
7400 38 10
7600 40 10
7800 43 10
8000 41 10
8200 42 11
8400 44 11
8600 45 11
8800 48 12
9000 43 12
9200 50 12
9400 49 12
9600 51 13
9800 53 13
10000 52 13
10200 56 13
10400 58 14
10600 58 14
10800 56 14
11000 60 14
11200 60 15
11400 62 15
11600 63 15
11800 62 16
12000 61 16
12200 64 16
12400 66 16
12600 61 17
12800 71 17
13000 67 17
13200 69 18
13400 73 18
13600 74 18
13800 74 18
14000 74 19
14200 75 19
14400 80 19
14600 77 19
14800 82 20
15000 78 20
15200 73 20
15400 82 21
15600 87 21
15800 82 21
16000 83 21
16200 89 22
16400 85 22
16600 89 22
16800 86 22
17000 90 23
17200 88 23
17400 91 23
17600 98 24
17800 97 24
18000 96 24
18200 92 24
18400 100 25
18600 105 25
18800 97 25
19000 104 25
19200 97 26
19400 101 26
19600 101 26
19800 102 27
20000 107 27
20200 105 27
20400 106 27
20600 116 28
20800 111 28
21000 115 28
21200 112 28
21400 115 29
21600 115 29
21800 120 29
22000 120 30
22200 115 30
22400 123 30
22600 122 30
22800 122 31
23000 128 31
23200 125 31
23400 121 32
23600 130 32
23800 127 32
24000 127 32
24200 127 33
24400 135 33
24600 129 33
24800 140 34
25000 130 34
25200 129 34
25400 136 34
25600 142 35
25800 144 35
26000 142 35
26200 146 36
26400 145 36
26600 144 36
26800 149 36
27000 146 37
27200 149 37
27400 146 37
27600 150 37
27800 152 38
28000 149 38
28200 153 38
28400 151 39
28600 162 39
28800 162 39
29000 162 39
29200 164 40
29400 160 40
29600 150 40
29800 163 40
30000 164 41
30200 158 41
30400 173 41
30600 163 42
30800 175 42
31000 167 42
31200 166 42
31400 173 43
31600 158 43
31800 170 43
32000 171 43
32200 169 44
32400 175 44
32600 174 44
32800 181 45
33000 180 45
33200 175 45
33400 178 45
33600 178 46
33800 185 46
34000 178 46
34200 190 47
34400 186 47
34600 185 47
34800 197 47
35000 192 48
35200 186 48
35400 193 48
35600 189 48
35800 199 49
36000 202 49
36200 195 49
36400 203 50
36600 194 50
36800 204 50
37000 203 50
37200 197 51
37400 198 51
37600 210 51
37800 199 51
38000 208 52
38200 211 52
38400 207 52
38600 218 53
38800 216 53
39000 212 53
39200 219 53
39400 217 54
39600 218 54
39800 218 54
40000 210 54
40200 216 55
40400 221 55
40600 218 55
40800 225 56
41000 225 56
41200 226 56
41400 226 56
41600 216 57
41800 225 57
42000 231 57
42200 226 58
42400 223 58
42600 228 58
42800 238 58
43000 241 59
43200 238 59
43400 233 59
43600 237 59
43800 241 60
44000 236 60
44200 227 60
44400 240 61
44600 252 61
44800 253 61
45000 241 61
45200 253 62
45400 248 62
45600 255 62
45800 257 62
46000 257 63
46200 240 63
46400 264 63
46600 256 64
46800 250 64
47000 266 64
47200 264 64
47400 254 65
47600 261 65
47800 264 65
48000 265 65
48200 259 66
48400 254 66
48600 270 66
48800 268 67
49000 271 67
49200 277 67
49400 278 67
49600 266 68
49800 276 68
50000 275 68
50200 282 69
50400 262 69
50600 274 69
50800 274 69
51000 286 70
51200 275 70
51400 296 71
51600 289 70
51800 290 71
52000 300 71
52200 297 71
52400 289 72
52600 287 72
52800 293 72
53000 296 72
53200 303 73
53400 290 73
53600 296 73
53800 294 73
54000 288 74
54200 298 74
54400 295 74
54600 302 75
54800 309 75
55000 315 75
55200 306 75
55400 289 76
55600 298 76
55800 317 76
56000 312 77
56200 311 77
56400 304 77
56600 326 77
56800 311 78
57000 299 78
57200 310 78
57400 331 78
57600 328 79
57800 328 79
58000 304 79
58200 337 80
58400 317 80
58600 326 80
58800 304 80
59000 322 81
59200 324 81
59400 336 81
59600 321 81
59800 325 82
60000 341 82
60200 339 82
60400 331 83
60600 333 83
60800 352 83
61000 317 83
61200 312 84
61400 345 84
61600 351 84
61800 339 84
62000 352 85
62200 348 85
62400 341 85
62600 355 86
62800 344 86
63000 365 86
63200 332 86
63400 358 87
63600 344 87
63800 361 87
64000 361 87
64200 341 88
64400 343 88
64600 367 88
64800 337 89
65000 360 89
65200 344 89
65400 375 90
65600 357 90
65800 373 90
66000 365 90
66200 382 91
66400 377 91
66600 388 91
66800 383 91
67000 369 92
67200 343 92
67400 384 92
67600 368 92
67800 393 93
68000 381 93
68200 383 93
68400 376 94
68600 375 94
68800 387 94
69000 378 94
69200 390 95
69400 394 95
69600 399 95
69800 395 95
70000 369 96
70200 394 97
70400 399 96
70600 396 97
70800 404 97
71000 419 99
71200 414 98
71400 410 98
71600 389 99
71800 408 99
72000 388 99
72200 412 99
72400 400 99
72600 405 99
72800 405 100
73000 422 100
73200 403 100
73400 421 101
73600 415 101
73800 411 101
74000 415 101
74200 419 102
74400 403 102
74600 421 103
74800 390 102
75000 417 103
75200 425 103
75400 409 103
75600 411 103
75800 402 104
76000 376 105
76200 425 104
76400 430 105
76600 424 105
76800 423 105
77000 419 105
77200 405 106
77400 432 106
77600 437 106
77800 448 107
78000 415 107
78200 445 107
78400 429 107
78600 429 108
78800 444 108
79000 431 108
79200 449 108
79400 441 109
79600 453 110
79800 432 109
80000 443 109
80200 431 110
80400 455 110
80600 443 110
80800 439 111
81000 458 111
81200 454 111
81400 465 111
81600 460 112
81800 461 112
82000 447 112
82200 455 113
82400 458 113
82600 469 114
82800 466 113
83000 469 114
83200 462 114
83400 473 114
83600 447 114
83800 458 115
84000 454 115
84200 442 116
84400 458 116
84600 473 116
84800 482 117
85000 489 116
85200 486 118
85400 468 118
85600 490 117
85800 462 118
86000 483 118
86200 482 118
86400 488 118
86600 475 119
86800 473 119
87000 488 119
87200 498 119
87400 500 120
87600 489 120
87800 490 121
88000 493 121
88200 487 121
88400 491 121
88600 481 122
88800 507 122
89000 489 123
89200 491 122
89400 497 122
89600 485 123
89800 517 123
90000 484 124
90200 491 124
90400 521 124
90600 488 124
90800 510 126
91000 518 126
91200 509 126
91400 475 126
91600 516 125
91800 476 126
92000 519 126
92200 521 126
92400 483 127
92600 508 128
92800 532 127
93000 526 127
93200 514 128
93400 510 128
93600 516 128
93800 497 129
94000 547 130
94200 527 129
94400 521 130
94600 526 130
94800 523 130
95000 535 131
95200 520 130
95400 531 131
95600 555 131
95800 540 131
96000 556 131
96200 530 132
96400 526 133
96600 526 133
96800 547 133
97000 548 134
97200 550 133
97400 546 134
97600 514 134
97800 512 135
98000 524 135
98200 571 134
98400 543 135
98600 548 135
98800 561 136
99000 550 136
99200 565 136
99400 532 137
99600 541 137
99800 553 137
100000 546 138
100200 565 138
100400 548 138
100600 569 139
100800 555 139
101000 550 139
101200 557 139
101400 563 140
101600 552 139
101800 577 140
102000 532 141
102200 581 141
102400 572 140
102600 590 141
102800 572 142
103000 561 142
103200 588 142
103400 596 142
103600 585 142
103800 581 142
104000 564 143
104200 581 144
104400 602 144
104600 596 143
104800 603 144
105000 582 145
105200 588 145
105400 578 145
105600 586 145
105800 589 146
106000 603 146
106200 597 146
106400 573 147
106600 566 147
106800 610 147
107000 596 147
107200 597 148
107400 610 148
107600 604 148
107800 576 149
108000 601 149
108200 606 148
108400 559 149
108600 589 149
108800 591 151
109000 583 149
109200 629 150
109400 600 151
109600 599 152
109800 617 152
110000 596 153
110200 612 152
110400 624 153
110600 637 154
110800 654 153
111000 599 153
111200 627 153
111400 648 154
111600 632 154
111800 611 154
112000 631 153
112200 626 155
112400 638 155
112600 618 156
112800 606 155
113000 652 156
113200 644 156
113400 629 156
113600 622 157
113800 668 157
114000 631 156
114200 609 157
114400 641 158
114600 625 158
114800 641 158
115000 629 158
115200 628 159
115400 652 159
115600 630 159
115800 650 160
116000 650 160
116200 684 161
116400 641 160
116600 672 161
116800 613 161
117000 632 161
117200 674 162
117400 668 162
117600 668 162
117800 659 162
118000 639 163
118200 634 163
118400 665 164
118600 680 163
118800 662 164
119000 646 164
119200 691 164
119400 674 165
119600 663 165
119800 645 165
120000 674 165
120200 663 166
120400 694 166
120600 675 166
120800 675 167
121000 675 167
121200 710 167
121400 699 167
121600 671 168
121800 705 168
122000 684 168
122200 683 168
122400 696 169
122600 675 169
122800 669 169
123000 678 170
123200 709 170
123400 675 170
123600 713 170
123800 698 171
124000 709 171
124200 683 171
124400 692 171
124600 687 172
124800 704 172
125000 720 172
125200 702 173
125400 714 173
125600 689 173
125800 728 173
126000 708 174
126200 689 174
126400 696 174
126600 679 175
126800 709 175
127000 759 177
127200 666 176
127400 704 176
127600 704 176
127800 694 176
128000 713 176
128200 717 177
128400 680 177
128600 731 177
128800 749 178
129000 751 178
129200 697 178
129400 735 178
129600 696 179
129800 734 179
130000 744 179
130200 732 180
130400 692 180
130600 769 180
130800 748 180
131000 700 181
131200 744 181
131400 689 181
131600 707 181
131800 725 182
132000 731 182
132200 735 182
132400 753 183
132600 744 183
132800 732 183
133000 743 183
133200 768 185
133400 717 184
133600 735 184
133800 764 184
134000 769 185
134200 752 185
134400 710 185
134600 748 187
134800 734 186
135000 767 186
135200 755 186
135400 756 187
135600 764 187
135800 793 187
136000 794 188
136200 802 189
136400 800 188
136600 778 188
136800 785 189
137000 762 189
137200 756 189
137400 800 189
137600 798 190
137800 748 190
138000 768 190
138200 748 191
138400 787 191
138600 777 191
138800 806 191
139000 778 192
139200 742 192
139400 744 193
139600 794 193
139800 808 193
140000 801 193
140200 804 193
140400 784 194
140600 811 194
140800 814 194
141000 745 194
141200 718 195
141400 773 195
141600 789 195
141800 807 196
142000 772 196
142200 797 197
142400 795 196
142600 760 197
142800 827 197
143000 785 197
143200 800 197
143400 786 198
143600 813 198
143800 811 198
144000 819 199
144200 789 199
144400 812 200
144600 776 199
144800 795 200
145000 803 201
145200 841 202
145400 852 201
145600 831 201
145800 846 201
146000 811 202
146200 849 202
146400 818 202
146600 836 202
146800 840 203
147000 839 204
147200 802 203
147400 848 203
147600 841 204
147800 845 205
148000 807 204
148200 857 205
148400 832 205
148600 852 205
148800 820 206
149000 834 205
149200 838 206
149400 838 206
149600 844 206
149800 821 208
150000 855 207
150200 848 207
150400 865 207
150600 860 208
150800 763 208
151000 827 209
151200 868 209
151400 832 209
151600 840 209
151800 848 209
152000 846 210
152200 895 211
152400 852 212
152600 847 210
152800 855 211
153000 858 211
153200 871 211
153400 867 213
153600 878 212
153800 838 212
154000 850 213
154200 889 213
154400 864 213
154600 838 214
154800 835 214
155000 902 214
155200 828 215
155400 828 215
155600 891 216
155800 888 215
156000 907 215
156200 899 216
156400 896 216
156600 883 216
156800 872 217
157000 920 217
157200 884 220
157400 859 219
157600 890 218
157800 816 219
158000 854 219
158200 930 220
158400 874 219
158600 893 219
158800 878 219
159000 834 220
159200 897 221
159400 927 220
159600 919 221
159800 911 220
160000 894 221
160200 930 222
160400 863 222
160600 881 222
160800 922 224
161000 840 223
161200 910 222
161400 913 225
161600 911 223
161800 942 223
162000 907 224
162200 933 224
162400 929 225
162600 907 225
162800 931 226
163000 1209 228
163200 938 229
163400 928 228
163600 788 228
163800 925 228
164000 939 227
164200 939 227
164400 936 227
164600 943 228
164800 935 228
165000 946 228
165200 908 228
165400 936 229
165600 904 229
165800 948 230
166000 854 231
166200 963 230
166400 946 230
166600 952 231
166800 910 231
167000 944 231
167200 966 231
167400 944 232
167600 946 233
167800 993 232
168000 963 232
168200 720 233
168400 988 233
168600 970 233
168800 951 234
169000 989 233
169200 966 234
169400 977 234
169600 979 235
169800 957 235
170000 936 236
170200 978 235
170400 958 236
170600 990 238
170800 1000 237
171000 955 236
171200 934 237
171400 926 237
171600 975 238
171800 1011 238
172000 938 238
172200 969 238
172400 994 238
172600 978 239
172800 934 240
173000 971 240
173200 949 239
173400 972 240
173600 999 240
173800 864 241
174000 1001 241
174200 1005 242
174400 1002 243
174600 962 242
174800 957 242
175000 1005 243
175200 984 243
175400 1028 243
175600 1012 244
175800 995 244
176000 1004 245
176200 1028 245
176400 978 244
176600 1003 245
176800 1001 245
177000 1008 246
177200 975 246
177400 999 246
177600 980 246
177800 922 249
178000 1039 249
178200 1021 247
178400 1102 249
178600 1052 248
178800 1015 248
179000 1033 248
179200 1002 249
179400 1022 249
179600 988 249
179800 989 249
180000 943 249
180200 950 250
180400 1034 250
180600 961 251
180800 996 252
181000 983 251
181200 1031 251
181400 1039 251
181600 1059 251
181800 1044 253
182000 1019 253
182200 1040 253
182400 1007 253
182600 1011 254
182800 1004 253
183000 1043 254
183200 999 254
183400 1025 254
183600 1064 255
183800 1057 255
184000 1046 257
184200 1081 256
184400 1046 256
184600 1021 256
184800 1043 256
185000 1060 257
185200 996 257
185400 1017 257
185600 1055 258
185800 1065 258
186000 1020 258
186200 1048 259
186400 1037 260
186600 1041 259
186800 1056 259
187000 1106 259
187200 1068 259
187400 977 260
187600 1015 260
187800 1076 261
188000 942 261
188200 1107 261
188400 1043 262
188600 1064 261
188800 1077 262
189000 999 262
189200 1083 263
189400 1091 263
189600 1113 263
189800 1062 263
190000 1051 263
190200 1121 264
190400 1097 265
190600 1076 265
190800 1092 265
191000 1075 265
191200 1094 265
191400 1116 266
191600 1077 266
191800 1116 266
192000 1053 266
192200 1105 267
192400 1082 267
192600 1090 268
192800 1081 268
193000 1059 268
193200 1085 268
193400 1123 268
193600 1073 269
193800 1038 269
194000 1128 269
194200 1122 270
194400 1118 270
194600 1091 270
194800 1159 271
195000 1103 271
195200 1056 271
195400 1111 272
195600 1153 274
195800 1074 272
196000 1117 272
196200 1086 273
196400 1114 273
196600 1101 273
196800 1104 273
197000 1167 273
197200 1109 274
197400 857 274
197600 1114 274
197800 1155 275
198000 1168 277
198200 1113 277
198400 1128 276
198600 1131 276
198800 946 276
199000 1127 277
199200 1167 277
199400 1225 280
199600 1019 277
199800 1093 277
200000 1124 278
200200 1129 278
200400 1112 278
200600 1185 278
200800 1095 284
201000 992 281
201200 1111 282
201400 1173 280
201600 1180 280
201800 1128 280
202000 1127 284
202200 1166 281
202400 1011 281
202600 1158 281
202800 1150 281
203000 1150 283
203200 1141 282
203400 1156 283
203600 1066 283
203800 1125 283
204000 1174 284
204200 1124 283
204400 1164 285
204600 1184 284
204800 1124 284
205000 1137 285
205200 1187 285
205400 1203 285
205600 1169 286
205800 1179 287
206000 1167 286
206200 1170 286
206400 1162 287
206600 1157 289
206800 1191 287
207000 1205 287
207200 1117 288
207400 1185 288
207600 1251 295
207800 1136 291
208000 1183 289
208200 1171 289
208400 1224 290
208600 1230 290
208800 1228 294
209000 1125 292
209200 1147 290
209400 1203 292
209600 1252 291
209800 1214 291
210000 1230 293
210200 1206 292
210400 1154 293
210600 1204 292
210800 1170 293
211000 1166 294
211200 1268 295
211400 1293 297
211600 1263 297
211800 1145 297
212000 1150 296
212200 1265 295
212400 1250 295
212600 1227 295
212800 1172 295
213000 1210 296
213200 1244 300
213400 1200 298
213600 1222 299
213800 1225 297
214000 1217 297
214200 1243 298
214400 1270 298
214600 1211 298
214800 1258 298
215000 1272 298
215200 1266 299
215400 1241 299
215600 1274 300
215800 1161 300
216000 1197 300
216200 1271 301
216400 1265 301
216600 1173 301
216800 1203 301
217000 1243 301
217200 1259 303
217400 1270 302
217600 1167 304
217800 1249 304
218000 1208 303
218200 1255 304
218400 1277 304
218600 1234 305
218800 1249 305
219000 1275 305
219200 1275 307
219400 1218 305
219600 1257 305
219800 1258 305
220000 1246 305
220200 1263 306
220400 1307 306
220600 1087 307
220800 1285 307
221000 1318 307
221200 1268 307
221400 1308 308
221600 1300 308
221800 1206 309
222000 1288 309
222200 1277 309
222400 1228 310
222600 1279 310
222800 1322 309
223000 1232 311
223200 1035 311
223400 1261 311
223600 1237 312
223800 1227 313
224000 1248 312
224200 1350 311
224400 1218 312
224600 1296 313
224800 1212 313
225000 1268 314
225200 1235 314
225400 1322 314
225600 1288 314
225800 1419 319
226000 1330 316
226200 1270 316
226400 1347 315
226600 1276 316
226800 1230 319
227000 1231 318
227200 1314 316
227400 1253 318
227600 1225 318
227800 1357 316
228000 1278 318
228200 1305 318
228400 1336 317
228600 1356 320
228800 1299 320
229000 1331 319
229200 1254 320
229400 1290 319
229600 1334 320
229800 1330 320
230000 1342 321
230200 1206 321
230400 1265 321
230600 1234 322
230800 1347 322
231000 1318 322
231200 1212 322
231400 1323 323
231600 1339 322
231800 1361 323
232000 1331 323
232200 1338 324
232400 1346 324
232600 1257 325
232800 1331 324
233000 1373 324
233200 1315 325
233400 1266 326
233600 1271 326
233800 1363 326
234000 1372 326
234200 1276 327
234400 1280 326
234600 1318 328
234800 1335 327
235000 1351 327
235200 1382 327
235400 1349 328
235600 1409 329
235800 1155 328
236000 1396 330
236200 1352 329
236400 1352 329
236600 1309 330
236800 1338 330
237000 1382 331
237200 1333 330
237400 1345 332
237600 1380 331
237800 1262 331
238000 1390 332
238200 1423 332
238400 1366 333
238600 1403 331
238800 1322 334
239000 1352 333
239200 1066 334
239400 1394 335
239600 1391 335
239800 1390 334
240000 1357 335
240200 1349 335
240400 1377 336
240600 1288 336
240800 1452 336
241000 1425 335
241200 1425 336
241400 1404 337
241600 1354 337
241800 1405 339
242000 1399 337
242200 1400 337
242400 1229 338
242600 1415 339
242800 1421 339
243000 1277 339
243200 1443 340
243400 1414 339
243600 1408 340
243800 1384 340
244000 1406 341
244200 1363 340
244400 1444 340
244600 1360 341
244800 1351 341
245000 1367 342
245200 1382 344
245400 1435 342
245600 1462 342
245800 1384 344
246000 1430 343
246200 1446 345
246400 1431 344
246600 1325 345
246800 1442 345
247000 1465 345
247200 1306 347
247400 1408 347
247600 1328 347
247800 1424 345
248000 1363 347
248200 1434 347
248400 1432 346
248600 1427 348
248800 1363 347
249000 1457 350
249200 1400 347
249400 1415 348
249600 1504 349
249800 1224 348
250000 1477 349
250200 1465 349
250400 1448 349
250600 1507 350
250800 1487 351
251000 1422 350
251200 1485 350
251400 1394 351
251600 1450 351
251800 1464 352
252000 1275 352
252200 1500 354
252400 1412 353
252600 1447 353
252800 1426 353
253000 1460 353
253200 1463 354
253400 1506 354
253600 1496 354
253800 1391 354
254000 1433 355
254200 1344 355
254400 1438 355
254600 1433 356
254800 1486 356
255000 1455 356
255200 1500 356
255400 1315 357
255600 1380 357
255800 1453 357
256000 1484 361
256200 1415 358
256400 1420 358
256600 1410 359
256800 1479 359
257000 1449 359
257200 1439 359
257400 1424 361
257600 1437 360
257800 1456 360
258000 1490 360
258200 1451 361
258400 1239 361
258600 1439 361
258800 1535 362
259000 1412 363
259200 1471 362
259400 1482 362
259600 1524 363
259800 1473 364
260000 1479 363
260200 1545 363
260400 1444 364
260600 1520 364
260800 1425 364
261000 1526 365
261200 1555 366
261400 1454 365
261600 1482 365
261800 1489 368
262000 1481 367
262200 1470 366
262400 1503 368
262600 1467 367
262800 1435 368
263000 1381 369
263200 1501 367
263400 1316 368
263600 1498 368
263800 1530 370
264000 1464 369
264200 1530 370
264400 1485 371
264600 1501 369
264800 1592 370
265000 1605 370
265200 1562 370
265400 1503 371
265600 1537 372
265800 1426 371
266000 1254 372
266200 1487 372
266400 1443 372
266600 1454 372
266800 1536 373
267000 1542 373
267200 1470 375
267400 1569 373
267600 1600 374
267800 1608 373
268000 1560 375
268200 1523 375
268400 1544 375
268600 1488 375
268800 1494 375
269000 1546 376
269200 1549 377
269400 1525 376
269600 1415 377
269800 1398 379
270000 1405 380
270200 1494 377
270400 1436 378
270600 1370 379
270800 1637 379
271000 1538 378
271200 1600 379
271400 1586 379
271600 1604 379
271800 1469 379
272000 1553 381
272200 1584 382
272400 1566 381
272600 1511 381
272800 1570 381
273000 1475 381
273200 1420 382
273400 1612 382
273600 1662 382
273800 1606 382
274000 1661 382
274200 1607 383
274400 1485 383
274600 1522 384
274800 1560 383
275000 1595 386
275200 1592 384
275400 1606 384
275600 1425 385
275800 1590 385
276000 1554 386
276200 1494 386
276400 1614 386
276600 1641 386
276800 1612 386
277000 1532 388
277200 1591 388
277400 1547 388
277600 1632 388
277800 1633 388
278000 1668 388
278200 1665 390
278400 1622 389
278600 1565 389
278800 1612 389
279000 1615 390
279200 1604 390
279400 1378 390
279600 1638 391
279800 1502 392
280000 1293 392
280200 1646 392
280400 1547 392
280600 1551 392
280800 1600 392
281000 1678 393
281200 1531 393
281400 1601 393
281600 1559 393
281800 1657 394
282000 1675 394
282200 1645 394
282400 1552 394
282600 1626 396
282800 1639 395
283000 1566 395
283200 1552 396
283400 1377 396
283600 1678 396
283800 1601 397
284000 1657 397
284200 1585 398
284400 1663 397
284600 1668 397
284800 1721 399
285000 1662 399
285200 1636 401
285400 1582 399
285600 1687 400
285800 1713 401
286000 1503 399
286200 1457 400
286400 1507 401
286600 1619 400
286800 1713 402
287000 1711 401
287200 1665 401
287400 1694 402
287600 1643 403
287800 1565 402
288000 1596 402
288200 1630 403
288400 1608 403
288600 1651 404
288800 1655 404
289000 1536 407
289200 1627 404
289400 1497 405
289600 1707 404
289800 1698 404
290000 1674 406
290200 1697 406
290400 1355 409
290600 1742 407
290800 1694 406
291000 1370 406
291200 1741 407
291400 1663 407
291600 1370 407
291800 1482 409
292000 1726 409
292200 1656 408
292400 1718 409
292600 1708 409
292800 1575 409
293000 1754 409
293200 1703 413
293400 1757 409
293600 1698 411
293800 1705 410
294000 1673 411
294200 1715 411
294400 1494 411
294600 1757 411
294800 1645 412
295000 1688 414
295200 1769 412
295400 1517 413
295600 1610 413
295800 1660 413
296000 1704 414
296200 1580 415
296400 1740 414
296600 1564 415
296800 1768 417
297000 1827 417
297200 1681 417
297400 1678 418
297600 1588 417
297800 1720 417
298000 1718 417
298200 1762 417
298400 1741 418
298600 1421 419
298800 1677 418
299000 1715 419
299200 1730 418
299400 1690 419
299600 1680 420
299800 1421 420
300000 1695 421
300200 1763 422
300400 1769 421
300600 1779 420
300800 1605 420
301000 1745 421
301200 1728 421
301400 1733 422
301600 1653 422
301800 1726 424
302000 1674 422
302200 1687 423
302400 1620 423
302600 1777 423
302800 1565 424
303000 1760 424
303200 1796 425
303400 1623 425
303600 1743 426
303800 1702 425
304000 1827 425
304200 1658 425
304400 1720 426
304600 1689 428
304800 1733 426
305000 1777 426
305200 1844 427
305400 1683 428
305600 1741 428
305800 1832 428
306000 1564 428
306200 1746 428
306400 1747 429
306600 1838 428
306800 1775 430
307000 1575 429
307200 1715 431
307400 1809 430
307600 1776 434
307800 1850 430
308000 1751 432
308200 1549 431
308400 1480 432
308600 1826 433
308800 1753 431
309000 1804 433
309200 1603 433
309400 1855 433
309600 1583 433
309800 1838 434
310000 1813 433
310200 1566 434
310400 1802 435
310600 1745 434
310800 1760 437
311000 1813 436
311200 1803 435
311400 1796 436
311600 1721 436
311800 1802 436
312000 1780 436
312200 1775 437
312400 1789 436
312600 1704 439
312800 1670 438
313000 1597 439
313200 1812 439
313400 1719 440
313600 1811 439
313800 1889 441
314000 1736 440
314200 1570 440
314400 1835 441
314600 1883 440
314800 1748 440
315000 1799 441
315200 1759 441
315400 1520 442
315600 1872 443
315800 1877 441
316000 1849 442
316200 1916 443
316400 1848 442
316600 1776 443
316800 1907 443
317000 1845 444
317200 1608 444
317400 1884 444
317600 1837 445
317800 1784 445
318000 2617 453
318200 2513 454
318400 1849 449
318600 1957 450
318800 1916 445
319000 1907 447
319200 1810 451
319400 1861 450
319600 1977 453
319800 1881 448
320000 1875 449
320200 1964 453
320400 1920 450
320600 1818 449
320800 1863 449
321000 1860 449
321200 1850 455
321400 2144 457
321600 1863 454
321800 1900 453
322000 1774 453
322200 1826 453
322400 1835 451
322600 1891 452
322800 1842 452
323000 1863 452
323200 1839 453
323400 1691 453
323600 1923 457
323800 1878 452
324000 1893 453
324200 1823 454
324400 1969 458
324600 1935 456
324800 2027 459
325000 2012 458
325200 1994 459
325400 1950 458
325600 1900 457
325800 1949 459
326000 1896 456
326200 1886 457
326400 1900 457
326600 1876 459
326800 1952 461
327000 1873 459
327200 1967 458
327400 1866 458
327600 1873 459
327800 1929 461
328000 1918 460
328200 1953 460
328400 1745 460
328600 2000 460
328800 1988 460
329000 1949 461
329200 1993 460
329400 1944 460
329600 1923 461
329800 1985 461
330000 1977 463
330200 1898 462
330400 1952 465
330600 1980 463
330800 1759 463
331000 1914 464
331200 1956 465
331400 1865 464
331600 1895 466
331800 1931 465
332000 1900 465
332200 1964 465
332400 2030 465
332600 1941 466
332800 1951 465
333000 2002 466
333200 1937 467
333400 1905 467
333600 1940 468
333800 1979 467
334000 1976 468
334200 2046 472
334400 2004 470
334600 1933 468
334800 1968 468
335000 1967 470
335200 2010 468
335400 1982 469
335600 1964 470
335800 2006 469
336000 1890 470
336200 1876 471
336400 1953 472
336600 1944 472
336800 1923 472
337000 2002 474
337200 1847 472
337400 1788 473
337600 1905 473
337800 2095 473
338000 2029 473
338200 1996 472
338400 1919 474
338600 1985 474
338800 1961 475
339000 2022 475
339200 2093 477
339400 2021 475
339600 1811 474
339800 1942 477
340000 2192 479
340200 1994 475
340400 2006 477
340600 1916 478
340800 1767 477
341000 1980 478
341200 2094 478
341400 1996 479
341600 1964 477
341800 1843 479
342000 2004 480
342200 2063 479
342400 2023 479
342600 2005 480
342800 2064 479
343000 1994 481
343200 2089 480
343400 1822 480
343600 1952 481
343800 2010 481
344000 1934 482
344200 1946 482
344400 1934 483
344600 2041 482
344800 1935 482
345000 1875 483
345200 2077 485
345400 2002 483
345600 2044 483
345800 2079 484
346000 2040 483
346200 1954 485
346400 1891 489
346600 2073 485
346800 2089 487
347000 2085 486
347200 2025 486
347400 1738 487
347600 1877 488
347800 1969 487
348000 2090 487
348200 2091 486
348400 2047 489
348600 1999 488
348800 2090 488
