n t
14036 294382
5507 45083
2580 9833
13000 250567
4336 27391
5221 40559
13401 262366
14062 290738
15430 351968
9526 131686
2865 12226
16794 415886
4747 33300
3018 13492
14507 314113
15743 358969
10177 152468
16116 380669
9201 125139
19646 569632
16278 388790
18638 508880
6941 70568
6016 53115
12316 225263
1190 2164
9303 127944
4654 32246
9388 129231
13499 267533
19036 551846
15785 371306
4666 31607
14011 310827
10910 177921
14723 358220
977 1503
19040 543639
4630 31155
17969 497969
1556 3445
9916 148412
2644 10143
4599 31670
15779 374699
17830 474459
10154 150577
17986 479302
17323 443220
4285 27244
83 22
14138 293280
18494 513856
16497 402309
6477 62396
18956 561854
14674 319257
1001 1452
4442 29103
14729 340164
2702 10874
8974 137182
9062 122666
11656 202233
1222 2281
7429 81396
15196 341552
17616 471553
8926 119208
14782 330318
6353 59272
18450 507732
7035 71681
766 847
11575 212519
16107 383574
15343 360307
1209 3467
8579 112197
19158 543601
16960 417733
15907 375222
11778 201539
19918 599354
5804 49155
2668 10326
6971 71358
17794 469579
12176 214901
14346 306866
2702 10898
18355 515914
7727 96727
9836 149793
19728 587079
4078 24543
18063 483333
12470 227638
6954 70288
13982 289468
12302 222159
4590 31140
3039 13990
6023 53959
16967 422197
7099 72719
17521 479396
10155 160021
16991 424837
1100 1809
3557 21179
18891 529451
163 55
996 1413
747 814
12714 237772
8656 112130
15824 373880
15682 360548
10274 154300
8458 106163
19407 566074
2119 6716
19181 543983
19635 573274
762 836
9679 135498
2801 11364
12378 222980
12524 232001
5876 49804
6805 68262
6810 67326
1521 3392
19550 564028
9780 139435
600 509
2611 9849
6704 65343
2054 6200
3070 13786
11931 212340
3519 18224
3370 16607
1168 2002
2717 10699
7882 96933
10678 169042
9594 133969
1158 1954
4974 36487
5911 52344
2103 6474
4287 26765
5269 41057
1211 2123
3694 23993
15623 360157
7914 91440
2548 9481
4345 28210
14336 307384
976 1416
4035 23734
98 16
451 309
11329 192540
506 387
7726 87487
18058 480850
15961 373755
243 111
18160 489296
14434 305914
13534 268936
4872 35342
213 82
11191 182521
15881 370003
15028 331103
13463 262870
16218 390567
11557 199517
17529 460744
9982 146557
10892 178251
16138 384253
8729 114795
5602 46294
6597 64281
6678 65720
12670 235938
19912 585717
14690 318558
15641 364033
13331 263431
10969 177326
15931 380696
18759 518556
5351 42501
18857 525968
6482 62437
19622 567912
13803 283615
6806 68552
900 1239
2126 6696
10191 154624
18230 489677
17181 435071
17104 434521
13818 279749
11422 193303
2554 9475
13905 284533
1743 4502
17009 427506
17630 460260
11150 184024
1576 3647
3153 14779
10384 160274
14067 290081
5354 43824
8885 117880
18393 502342
5492 45055
10974 179387
6885 70529
1532 3465
17836 470879
7299 79042
19514 563056
4975 36849
8861 117079
5435 44037
11905 209009
2016 6071
2269 7676
14105 294848
14265 301827
10059 150495
16843 418941
15384 349085
15962 379499
10158 152473
13379 262834
18256 497183
15260 345065
11330 189319
4555 31365
12772 242659
1962 5693
7916 92730
5928 51932
18398 502819
4059 24601
13331 263268
13106 254252
2074 6323
13475 267292
11294 190009
13893 282399
16774 412139
10892 175053
3761 21099
15539 355377
17447 453887
6902 72268
11165 183200
7697 87236
14429 307280
6996 72473
2763 11051
17964 477095
9549 135180
6609 65284
18390 498570
4269 26687
66 12
19041 539493
11536 197045
2029 6040
3478 18176
13930 286194
7008 72621
17128 438833
17058 425753
1686 4232
2006 5801
15325 351388
9296 128640
7516 83034
14282 302422
17065 440497
3882 22367
5431 43865
8491 106867
10889 176731
1464 3289
1732 4468
251 97
6704 66331
11120 182724
5762 48913
2021 6040
12362 227347
11562 197188
9767 140672
3022 13533
2763 11269
4614 32206
19287 564555
6245 57008
19672 575055
14810 335500
15898 380292
13047 255424
11282 188486
16493 402973
12342 221300
19809 587885
11600 202257
11101 194660
8204 99930
1722 4442
7990 94215
13181 287748
9007 142171
9725 151908
15194 339844
10336 168144
1413 2984
18017 496877
8412 104375
3994 23705
19505 585928
11283 198246
10669 173044
3030 16303
839 1043
9677 143081
12794 252372
8659 134056
2480 11213
10650 180556
11644 229132
19480 612397
5359 43112
14878 329440
8781 112859
14351 303797
19179 545240
5070 37925
7193 77466
3443 17537
19392 556961
19998 595711
1875 5147
7012 73817
18859 528442
11891 208495
11165 183221
7864 93928
10085 149374
9689 139208
12294 223117
11654 201187
8505 106393
10872 173813
18889 526095
11123 181116
16889 420123
16378 398361
5071 37587
4830 34483
12022 211502
14018 289986
1624 3901
17387 490905
18550 554044
16230 393038
6753 67455
8367 104252
13569 270848
117 35
13121 253427
11001 177246
11965 223778
18925 542747
6064 54793
12442 229466
5314 43426
13449 267296
18300 519739
1308 2487
4585 31130
16365 424039
11436 215533
10545 185125
19403 560888
8345 116999
10313 179276
19369 667330
4467 37690
15126 430730
748 819
12547 241063
1093 1884
13920 287785
501 406
6558 65254
19559 566820
6007 52855
100 26
2268 7453
11551 198105
4023 24301
13431 267426
19445 564134
18055 485046
9990 163024
10216 163334
2069 6414
13750 280774
11495 195550
92 19
7362 79686
8843 119568
13100 291403
12750 241059
6118 55495
6467 61338
10352 157707
12335 225973
13565 302212
18227 659522
8580 133920
1991 7932
12989 316064
17473 554284
14815 351396
10121 158701
19314 571305
18128 513484
17996 479148
19079 548604
7332 78317
8322 101754
11923 227669
3558 20999
6739 76195
16755 431861
3647 21108
18456 547280
7175 75676
11020 178667
12258 221939
17626 456109
10057 148915
2577 9686
19037 553457
7344 79504
10612 163799
8732 124833
5254 41439
4429 29286
7163 76749
18360 514846
16557 424649
14862 329132
13878 290154
7416 81834
15978 390737
7973 92809
1866 5099
1025 1550
12695 241056
236 94
9720 139075
10654 180202
16150 384719
2028 5948
19059 587144
18760 537474
756 964
10135 171530
15840 389997
9098 124013
16136 398464
6262 58359
12814 239926
14590 326557
8941 130792
12110 238025
12562 249704
3633 19188
6173 56427
18649 560477
1961 5583
5862 51964
12217 229460
10793 178931
4907 35231
1806 4902
12633 244775
16318 414771
9905 146154
5692 48424
5065 38070
12356 243175
4358 33926
15841 387546
1171 2030
3241 22923
15470 381465
17964 504886
8444 109909
10580 166703
19064 540247
5797 50821
11198 185234
8906 119897
16178 384218
14114 295464
19479 578270
15825 372591
5808 49757
9122 125141
17388 449298
10770 171858
5181 42603
17581 454519
9425 139800
16462 417702
17626 515203
17553 526738
19629 692476
10962 202174
13032 285447
16770 438377
10047 155398
15330 363309
6316 60318
14321 329458
17473 459263
8031 95873
17926 481967
15634 370477
2661 10350
9596 139090
15011 348945
16551 507848
17137 439982
16705 422348
15387 361528
19213 566681
9820 146342
15084 338900
9731 145461
13565 278356
7812 100085
15391 351621
17732 469211
12549 233532
824 1085
3749 21899
11124 191663
4964 37556
13042 251332
15672 365167
7670 86853
19266 592762
6797 75257
7446 86660
13984 313198
8558 129983
6531 85743
11477 248336
14398 471587
1702 6360
7524 134701
258 128
5230 49828
5958 72340
5370 53192
18252 522337
10123 151340
14250 306271
4349 29460
8326 106015
29 1
8229 102328
17657 474689
4754 33633
8911 116712
13918 290660
9159 125397
11560 199050
823 1059
3245 15395
12774 243318
13745 283773
12114 216299
18325 496912
6278 58189
11997 213282
3247 15336
2868 12250
11307 187704
5068 37700
17480 458588
7511 83810
1308 2631
2530 9421
3949 23536
12658 237633
15650 363017
12178 217036
14955 329927
19865 581831
19874 607744
4605 31517
9812 141734
5845 51252
14728 338320
10262 154884
9387 128917
10998 180305
17575 455776
8704 112985
8201 105571
1286 2344
13906 287926
1855 5098
9191 123959
16834 419925
19489 571128
1317 2507
12009 232113
8471 106842
7483 85047
12029 218040
12870 242895
4041 24053
4428 28926
16790 432647
18918 579843
17112 447382
8433 118236
13264 272224
9947 150352
10397 161448
4812 34282
7376 78680
19214 544330
15611 358684
1633 5154
4406 28525
17702 466486
6869 71523
12638 256775
19945 621496
7679 103948
2615 10016
14010 291154
12417 225818
15461 351767
10754 173843
11809 205323
4568 31089
2049 6298
14406 308008
336 181
6702 67201
8352 121325
1293 3709
9714 151891
10852 180829
2220 7205
9785 142944
7800 90649
10702 168254
6872 77118
15854 396310
1531 3395
11825 206786
6075 54065
3321 16383
246 92
12891 243965
8583 110149
8755 114269
15037 337381
7367 81070
11986 210726
17370 446961
7288 81557
1385 3059
15751 370851
10706 170624
14083 291499
1019 1545
4089 24872
15141 338467
7201 77068
19405 572795
15095 336517
4311 28205
1582 3712
13562 272820
19182 549291
11052 186831
6885 70279
2960 12959
11603 200118
2573 9923
16095 389405
14591 326154
18226 491167
3049 13731
1101 1838
7271 77627
4313 27879
17038 431933
10650 167824
1930 5555
4491 30195
12679 237657
9755 139110
16517 404566
18419 503726
4442 29890
9665 137631
15932 377570
17652 463464
19918 625366
13690 303775
137 31
17533 450401
8801 114361
11080 182715
1053 1674
11996 214751
18899 537908
14486 319256
472 321
19237 557986
342 183
1420 3229
11156 184868
13576 271881
16545 405484
12475 231790
5287 42318
9958 146698
7810 90872
10307 158457
14761 321475
16774 418488
523 441
984 1426
3683 19790
14550 320451
9297 129146
17469 462166
8893 117805
18012 479142
91 25
2839 11803
3445 19262
18251 490112
920 1248
13261 268773
12013 214467
15194 346455
2646 10260
14752 320422
5944 52596
19640 580830
16437 398030
180 62
19594 581136
9560 135217
1627 3925
7292 79364
5371 43472
19345 553977
13389 264788
1533 3609
9902 147436
16416 401525
6460 62287
11237 186750
15712 365481
15756 370265
12100 219602
1812 4850
14631 317757
11169 183363
18091 489960
1717 4940
14997 352355
6258 57017
14199 298605
16249 401129
5010 37787
5210 40089
8159 99432
2558 9633
18824 519632
7217 77151
16537 400240
10437 160066
480 373
6562 64217
14614 315899
15081 339605
13797 281274
4474 29339
2106 6415
9250 127816
11171 183630
7714 87813
1541 3631
17258 437953
8878 115390
2419 8688
15958 374263
10345 157585
16865 422720
1272 2402
17376 453819
7344 86374
16984 426194
17034 430211
5150 38687
86 23
10764 172205
2574 9592
14097 295772
8602 110833
16370 394315
18673 516130
8304 102005
3556 18529
15020 333538
2997 13221
2884 12080
19055 539129
17621 455379
17648 459176
8699 112964
9077 123859
19999 586137
12221 220616
17333 442478
2540 9289
8012 94873
730 770
18225 494148
16625 414474
3254 15767
10956 179321
12278 225898
6205 57153
1374 2867
2026 6033
461 320
16580 406629
11960 215141
3764 21184
19313 569440
14798 323548
11116 183749
17896 473109
13671 274239
9993 148683
4845 34712
6998 72635
14308 304731
7351 80110
1499 3329
7663 86114
16054 380532
8653 111392
11649 200204
6186 56461
11342 187819
7876 92456
2282 7857
4775 33365
2616 10092
7819 92534
18654 515738
6128 55513
15360 345550
4146 27165
6826 68660
7108 74545
15303 348465
19373 555758
16356 393579
12304 223490
3638 19292
6790 70045
19012 542446
8930 128417
1073 1983
3996 25334
13337 280565
9985 149027
9667 145548
1377 2924
16687 409123
17771 474837
10606 167898
9022 118968
5751 49145
5577 45424
19745 577993
19801 582454
15372 348347
15962 376005
4069 24542
19385 558975
4694 33003
19956 597600
8087 98783
11480 194863
2229 7356
1601 3665
2681 10290
2011 6006
16135 385602
8705 113255
12408 226767
19231 549596
12713 242836
6152 57348
13416 272161
1909 5415
16310 392967
4167 27299
6713 66464
1165 1965
14933 328678
4581 31722
8992 122901
16518 406709
585 527
6848 70279
4482 29815
7603 84872
16359 400205
4912 35732
15776 367224
5428 43102
2753 12818
3750 20649
12238 221225
324 163
1257 2312
11315 190286
2568 9619
3761 20972
3725 20394
9604 137877
10852 173542
15077 353195
487 363
12810 246253
6856 69326
10037 149545
13419 269639
19468 592618
537 439
4461 31351
9958 147135
17118 441132
12263 226172
15474 359740
12915 249294
7973 96454
3094 14140
16241 413903
3976 23116
2551 9609
12630 239974
9445 131017
637 620
11753 206452
2222 7137
7146 75494
644 652
10392 160494
12345 226666
7562 85739
14402 305133
16403 405719
12931 246048
13617 272769
13734 300234
16421 398965
4891 34773
1464 3098
5876 51616
17980 480906
10299 155047
7841 90652
5929 51978
8834 118912
17795 465217
1992 5942
9970 145844
18109 485587
4747 33696
17613 461956
8192 98916
12468 230630
18604 519026
4320 29217
18985 564580
4261 26848
2535 9461
13869 286700
10168 153534
14984 330418
401 262
18453 509952
2328 7937
6407 62424
1118 1854
15363 352076
18834 524320
2053 6360
344 181
10754 172466
12391 227181
1306 2501
2213 7286
4325 28250
4395 29012
16408 396213
2665 10402
17729 479758
6582 64093
17427 452549
10717 169379
14399 305695
8727 113814
16666 411562
11307 189367
8392 105934
12873 249680
15375 354672
1338 2691
18806 528354
11677 204426
1643 3984
4146 25630
10334 159676
9537 134321
9534 134448
16864 422571
17819 467275
151 35
12850 243252
3156 14717
16618 406821
958 1333
10211 154324
1314 2569
17531 456948
9431 132998
1819 4891
5390 43325
4995 37051
19507 572017
518 421
7078 75498
5766 50112
7835 91106
19836 588080
959 1375
9542 134776
16496 406228
11104 187335
4231 26579
8449 106848
9999 149397
8595 109173
4473 30178
2268 9972
17366 450320
14216 299788
17036 430852
11529 200417
5866 51730
9512 134069
7777 89090
15637 359574
16270 400462
19886 592054
3355 16676
6497 62656
16683 410729
19447 556219
18102 483121
9454 133613
4700 32490
11067 183636
16996 433138
18508 512277
4717 33394
18438 502800
4239 26231
357 199
817 1011
12464 227722
17007 430082
2814 11648
5322 41471
1652 3960
8868 118142
1290 2484
13874 283538
1783 4627
14338 305126
12129 216923
8291 101856
10915 177155
12277 221769
12986 249506
17726 459135
512 392
17987 476458
8558 109754
5632 46703
6223 56648
12640 238378
4115 25005
19864 582102
15736 361407
7226 76434
7187 77459
16989 425799
7265 79275
11404 192504
2479 8926
13474 263450
1943 6955
9062 120177
10344 162908
15091 337346
14193 298553
5117 38547
8558 110166
5938 52540
7074 73829
5719 48875
16370 398194
7339 80692
3938 23110
2085 6194
18900 530706
8754 114703
1714 4244
16072 383218
6988 71888
289 130
2439 8713
5142 39737
10505 163084
8261 100780
19057 534113
14022 288511
2937 14116
3651 19633
7810 91071
12093 215608
11580 199365
10443 161466
15863 371479
11383 191234
12007 211837
11022 181473
4723 32750
6893 70377
653 662
6683 65371
12692 237047
4222 25833
7134 76017
18694 518473
14953 340748
14388 303950
14385 305545
7815 90316
18595 507304
16884 419165
8913 118025
19095 538956
5861 60536
19884 585644
8761 115892
10046 147819
12411 225641
10679 171028
4967 36003
2324 8230
19998 584639
14182 326999
421 273
19539 568077
6362 59559
7240 78233
18157 491632
15905 376655
14156 297121
11187 182788
15084 334641
16332 393965
9435 132057
19728 572993
10562 164426
10896 174469
15194 344800
6947 71296
17284 439776
3637 19206
10141 152076
4467 29568
15692 369449
38 13
8077 97405
3903 22603
2187 7239
16047 380603
18011 481761
11783 202302
474 360
6398 63529
15976 374088
4554 30550
233 97
11656 204780
8764 112490
3032 13338
17856 477731
9648 137421
18948 529789
9222 126324
11087 181510
6898 69595
17496 455638
16013 381124
19493 563310
18877 528360
10114 149628
16005 377537
12131 217458
17646 460606
3689 20544
14645 317565
972 1394
2666 10352
13498 269346
1813 4897
3374 16834
17588 458121
1929 5557
16341 391595
11846 207493
13355 265165
19582 566992
288 134
11791 222162
3549 23430
17988 485733
16844 417178
15786 367985
2171 6973
1499 3291
201 64
14984 333517
16774 415601
12587 236558
1021 1519
7919 95651
16867 418842
10297 159207
1687 4152
17563 456422
2661 10461
15768 374420
4223 27179
8278 102889
12506 233857
1041 1628
13663 288696
5424 43684
13324 264254
5916 53031
10678 172154
11444 194030
19170 566759
12932 249954
8068 99723
10554 164742
10122 152696
896 1179
1362 2701
17308 449075
6041 55092
15479 351299
1473 3148
5370 44594
19261 547103
5604 47059
5961 53122
16870 421186
14809 320248
829 1053
19539 564645
9820 145127
2719 10768
18617 520571
19525 563907
9085 123356
17762 472169
16859 419188
11746 202783
12261 226921
6943 71080
8704 111184
12208 221506
7229 77114
11112 187157
1386 2839
5006 37030
13432 267782
18325 502954
18929 540674
19717 585641
14121 301872
14484 311505
17062 435916
12062 215701
5928 53199
16820 419515
16314 399842
5776 53794
10157 155352
1494 3281
287 127
16121 394248
7653 89805
18120 489697
4421 29376
10214 153087
14575 316773
7851 91779
7517 84484
19176 558506
19111 553744
8352 102519
19537 570513
12535 231356
14916 325970
11692 204233
5244 40499
11305 196117
5287 41692
14464 311218
19185 548329
14284 301745
14078 295739
5243 40824
13055 250307
6984 72372
10655 168354
19771 577189
18913 532263
12904 246790
13086 253092
16504 412233
10429 158439
7198 77222
8340 103972
4428 28966
15001 335953
14879 325052
8819 114795
14629 315699
3907 22687
3318 16123
16183 385738
16076 382941
17717 462564
17985 485211
956 1349
13074 252639
4044 24288
18165 491507
5860 51109
12426 230967
3606 19548
16896 430522
5240 41024
7592 85261
15636 362068
12773 242902
10865 177216
13319 298183
14979 335624
8226 117064
10 0
6668 84642
1553 3503
2967 12886
5741 48223
19666 572966
16220 393103
19714 582693
1863 4937
9763 141969
705 784
4026 25484
19560 572738
10967 180895
19257 547811
2241 7550
565 484
7502 84018
2437 8860
14465 312711
3045 13611
18321 490180
9038 121088
16700 417574
15048 335903
16722 419787
1664 3961
9133 123189
1276 2441
670 745
1992 5887
12659 237725
5063 38288
10982 177196
19533 561602
15120 336523
17330 445040
8609 107922
3949 22893
9787 138919
11021 178716
11063 182477
6874 70336
18971 527540
16504 397224
285 131
5085 37988
19894 586211
11275 187502
7000 72019
1675 4176
19656 572952
16534 400927
13892 287079
10054 150559
10738 170691
11461 192364
8744 114168
7777 89595
17810 464882
13699 276294
3133 16230
16694 409264
19920 595498
15095 332898
9619 136346
11902 211254
10116 152170
10811 174764
4300 26948
16445 394989
11362 189762
2409 8632
5506 44541
4898 35651
8010 94905
14068 292662
1386 2917
18188 492397
6949 70706
14726 319114
16956 423679
10758 173328
16606 406851
6238 59015
5693 47877
11386 193513
4860 34518
11468 193546
1962 5586
12306 223910
4693 32824
2702 10735
6742 68103
9160 123645
13206 259853
11386 191082
6303 58747
17027 424848
9688 145097
8830 116666
11359 192275
9738 139167
4942 35967
12951 248825
10038 149475
11804 205603
17638 461295
4294 27290
10189 152944
15543 355359
6882 70057
11942 210025
11079 181555
8667 111737
1971 5850
3342 16226
4665 32254
11305 190081
17564 456318
17323 456000
17284 444711
3465 17974
2485 8843
10968 179477
1526 3443
461 340
14583 314915
17550 462234
15770 370489
2298 7778
11156 187309
16110 388633
12007 312906
1151 2019
6272 59796
15980 422810
18149 487017
16620 405253
1844 5032
16366 398274
8578 109618
10114 168938
13465 269157
651 650
18232 493280
2227 7491
14428 305903
7680 87749
806 969
403 251
9000 120307
11484 195770
8409 103786
6270 58748
15717 376912
12634 235636
7616 86349
16159 399085
1076 1808
13172 298010
15114 340844
13284 260311
10545 167261
5018 37822
7057 74146
15548 358991
4165 25609
8457 107186
17422 460567
12908 247032
11160 182906
7020 71650
10540 166152
17578 449823
13675 272667
1031 1513
17493 451977
15647 360532
8215 97832
1548 3585
4938 35521
18494 507373
17349 443590
15371 350298
8664 111216
17258 438330
6308 58092
1772 4794
15918 373921
12462 229428
4129 25134
6383 60649
11634 201721
16639 413673
19895 586328
9208 123435
11994 208674
14589 314752
3622 19215
3527 18428
5745 49741
1739 4549
11941 214641
13735 277232
11002 181326
15811 364923
2188 7084
2273 7636
4963 36313
19870 583765
3891 22282
5532 45037
14863 324629
16385 397194
18031 472281
9663 137705
5068 37812
19016 532485
13285 256118
10100 149628
1465 3142
14106 298420
19120 536122
3540 18283
5241 40051
9239 124623
1382 2814
12091 216264
3717 20699
6084 54841
15793 362053
3853 21628
8854 115594
10043 146530
12285 222370
15470 351432
4472 29174
3576 18522
6278 58928
19738 582837
19605 562731
3201 14888
18455 505712
6938 71951
8126 97491
5786 49847
5285 41690
2772 11324
3590 20315
5202 40601
13417 267461
18579 507650
146 33
17730 464376
718 739
1185 2136
995 1474
3317 16577
5689 48170
9821 141480
3317 16436
11015 177861
18803 518124
8649 109813
15320 346879
2654 10578
2102 6510
16678 411595
10616 166551
11761 204549
4089 24514
11955 212173
6219 57150
9959 144825
17091 429759
11846 205484
14930 330077
7089 74828
10636 166914
6632 64256
19281 547306
2917 12289
17001 422081
5542 45237
5051 37317
2187 6994
16602 408306
17889 468012
681 763
4983 36644
12551 233051
17973 472884
14953 328857
13881 284149
11409 193005
3540 18657
1785 4703
11564 196737
2670 10300
7714 87809
17844 466145
3543 18764
5050 39119
4874 34744
9694 137097
10925 175050
2301 7688
11485 195013
19743 566314
6283 57479
15236 341754
497 370
7100 73700
10219 152558
19670 565466
12805 243174
13459 264837
12662 236358
17207 433319
7796 90244
4248 26982
15856 375577
14541 316240
2666 10226
15208 339500
6850 69659
1487 3238
11170 183427
5271 40476
8830 116333
11574 199714
19423 557705
16005 378702
10937 176300
16102 386389
10231 153919
16170 384079
6838 67643
1599 3756
16153 389804
12280 220094
11475 192711
6447 61016
5181 39971
17331 453083
15103 334902
12015 211574
9256 128301
1512 3345
1348 2660
14217 296002
5742 48202
12324 223292
254 98
1546 3693
1161 1958
13354 263014
13900 283333
15592 360720
14880 326617
10433 165072
7896 91825
17520 451502
7599 84824
2571 9746
5203 40238
7710 86028
8049 96197
19025 535748
15417 346874
19657 567490
15766 366586
4965 36379
11089 179483
13869 292251
2417 8714
15622 358781
2957 13144
7057 77892
8173 110175
4302 28979
10987 198285
7310 83651
19308 547670
8098 97802
331 175
10427 160955
13502 270865
18903 524192
16449 398880
18035 500741
1972 5772
16643 412508
15609 363914
12761 242525
10170 153399
13647 271126
12636 233514
1279 2407
11022 178029
10140 150283
19953 589153
14395 300190
5203 39798
18602 512084
14439 307155
11757 203242
14627 326551
7138 75289
6735 67039
13753 279953
8264 98147
2427 8858
18464 500660
4900 35321
18112 486032
4795 33636
6371 59756
10162 153670
18709 515488
18585 508724
13983 285937
13489 268284
18290 495947
10592 164698
5350 41335
12855 244510
11583 194645
12874 246113
16912 422166
15719 363327
18352 525997
4461 28869
6869 110363
4666 33339
17297 489457
3667 22139
13886 287792
17257 443406
10612 162791
5716 61090
1580 3618
298 128
3658 21242
4737 33783
18895 533352
6189 56277
5775 49264
8762 112442
10073 146677
1676 4167
4882 34727
16173 381967
7281 76954
6159 55418
7711 87306
9982 148313
4819 34303
83 21
7885 90276
8170 97257
3495 18032
5574 49662
2073 6759
6499 62562
8248 98356
10955 178645
17339 440088
14280 300756
1827 4892
16460 436426
16809 453919
18392 498220
8382 106052
11636 198110
18927 528283
7256 77790
5346 41591
397 245
2383 8302
3895 22130
44 3
8424 105887
5158 38963
11894 207569
16849 413650
18058 474773
15472 353890
11179 182431
6859 69142
14753 318421
1148 1933
18266 488587
15953 370920
19190 542637
13295 260848
2979 13139
11128 181927
9693 138230
784 918
14212 294544
11656 201365
7659 86505
15183 335554
8944 118141
6101 54059
11347 189627
8935 115539
5690 48845
10255 152031
17226 437106
311 160
102 28
18815 519260
7229 76594
193 69
853 1059
9353 127842
3134 14130
18364 492217
15783 368872
17738 462840
14979 334083
18693 515762
17329 444926
15591 358686
5640 46758
13675 275515
18968 532840
2056 6210
18708 517266
6325 58862
6542 62897
9601 135215
14594 312305
16072 379423
18083 479098
17660 459165
14213 301355
15013 338590
11215 183442
4861 35013
7461 84447
16961 422977
1510 3422
18235 492451
7258 78712
9361 130617
13620 271770
8863 114891
8350 101469
4876 34806
6670 64486
18719 517765
19540 559240
19053 537239
8927 116232
8134 100606
18206 488171
17560 457697
13924 284348
6918 71284
10430 159903
2412 8274
15076 335749
786 889
12626 234417
4121 25058
8036 94446
10136 151238
3794 21594
17119 430633
6210 56943
5730 48461
15368 345257
6729 65534
6759 66826
15109 334917
15262 343489
18019 482140
7258 77247
11216 183886
18172 481269
12858 243033
2268 7469
19856 576912
19396 553155
4233 26476
9859 142765
15680 360373
13497 273833
19233 547189
11789 204964
10673 169553
12143 219753
14380 304144
49 14
4612 31267
13691 277047
449 312
6990 71105
19042 531631
914 1217
1215 2146
16376 390714
18462 513752
5568 44895
12772 240568
9132 124840
5346 42816
14383 316882
17024 427004
10187 153978
10671 184614
17244 437037
2036 6083
13132 277252
679 696
13783 303547
18669 528573
405 256
14569 313741
4155 25603
6626 64195
9327 127645
4429 29385
10037 149478
8662 111738
14170 297136
751 870
1738 4466
12358 225793
14386 304069
15819 371823
11867 205260
275 119
9172 125291
18027 481879
8305 101148
7612 85003
8209 99892
1401 2936
12244 221454
13961 285057
14922 325110
6538 62301
16839 415106
9055 121193
9440 132585
152 43
16102 383074
605 569
494 356
15394 349535
12368 222229
19607 563094
16768 409693
1509 3336
4677 31681
18125 478699
4608 31681
8774 112510
936 1334
19577 561880
11917 211216
423 311
6827 70396
8330 119244
19167 552911
4459 29453
10294 155367
13561 272182
18105 485405
145 33
6781 68047
8553 109245
1184 2033
8570 108598
15812 372004
16666 406437
13965 283630
7252 78330
623 618
9721 138237
3963 23317
13870 280479
2474 9155
9949 148471
18950 529181
17214 448136
8108 107052
14319 305238
12009 211483
14799 326617
6755 66786
3153 14603
6675 64073
16842 420012
7528 83812
1227 2301
8669 110375
17136 443531
18739 521928
10056 148484
7445 81369
10760 168885
7412 80411
8517 106505
15099 335294
19105 538896
17248 434194
7368 79983
7167 75576
5140 42273
5284 43362
14753 319864
5699 47642
16488 396560
14633 309601
5716 49315
4723 34493
15051 338332
18731 509797
13989 293793
13609 271984
1401 2873
6505 62584
4757 33267
13704 275893
10178 151360
16758 415126
7655 84766
12443 229098
9646 135626
15635 360445
18143 485950
12782 240439
18795 538048
3956 23115
1829 6598
13244 257190
5796 49291
5421 42932
712 722
1776 4623
15615 357917
3071 13892
8835 113760
3037 13305
19529 560802
16435 395740
14676 319415
8336 101434
5829 50210
15402 346679
16440 397038
12264 221003
15271 370851
13060 303246
18873 718918
2447 9724
12723 255129
10887 176811
2537 9577
37 13
4256 27181
1205 2172
13121 254035
19372 555418
1011 1550
13373 270862
3459 19270
19607 620512
10634 181436
1767 4571
5307 42679
19768 575789
12315 218847
3498 17932
1343 2691
3271 15448
1407 2806
3851 21781
6516 61890
4191 26870
16195 388187
19409 554261
10226 155014
6301 58401
9867 143414
15611 362830
1545 3436
11239 186656
15545 359847
9189 124180
19104 550102
19151 584196
5138 43339
11143 184065
13527 269647
17609 453450
11963 212012
10403 159839
14196 302738
16502 398531
467 516
7361 80316
1072 1691
8067 96923
19566 575626
9652 138746
19468 555954
6438 75609
1729 4468
8086 95571
18336 507778
6656 66343
660 682
4711 32663
2115 6544
14731 322333
18095 480711
8339 101785
11195 182600
14153 295190
15280 341130
13857 305292
821 998
2909 12577
19973 586711
2995 14037
18722 541197
13726 277986
3457 17351
19509 559288
9236 123460
14425 307136
13514 277614
490 357
10178 157858
11763 201770
3379 16822
4622 31574
90 12
16378 394946
12027 223650
18138 482727
14283 304376
1872 5248
9740 139828
7912 91293
11172 181706
18552 514389
10931 175502
7523 82280
1093 1726
15720 369926
1183 2072
2587 9732
5259 41113
2634 10340
19700 570856
6873 71420
9075 121081
14843 328361
7804 90303
2181 7157
6629 65346
19617 569265
3521 18385
7815 89909
11584 207840
10658 169483
3871 21656
12830 239512
14798 322319
17570 452491
19332 550799
8324 100709
2985 12993
8463 105285
1859 5158
3255 15900
3455 17965
13171 254811
1691 4120
6741 68112
4866 34384
693 746
15526 358073
16504 403690
7938 93046
10345 158328
4272 27934
15504 362380
3761 21094
2690 10881
9619 136109
13522 271820
12239 220453
11983 212853
11300 188050
4377 28892
7290 80119
16711 436822
8284 108051
4841 37645
18120 497609
19389 689445
18932 545886
5684 47629
11197 184925
710 797
19684 571268
9566 134487
16800 414578
12324 225971
1820 5051
17135 451096
16248 389160
1286 2511
10068 148714
15728 365882
13553 269459
4442 28874
3355 16430
10746 169255
2746 10885
15144 342046
16975 427606
10931 179069
8162 98822
11948 213084
6054 54625
14544 333130
4151 27535
19007 542188
19525 560308
12255 220885
3776 21489
18841 532743
11873 229649
4341 31469
3260 16347
12452 279210
8107 114585
17848 470994
18345 496165
12456 236725
11279 189151
15123 349487
9761 141834
18995 527774
5800 49618
2660 10407
11282 189391
17382 448201
19271 546990
9727 140018
15768 451272
16770 414846
16535 405206
11039 178512
17276 440657
7506 81619
9286 127425
17261 446962
9175 122916
4427 27972
5156 38488
19879 586861
7400 87021
9586 136778
4831 34315
19487 563777
11823 207089
16335 391343
17310 445558
2830 11714
3299 16266
16670 409175
11955 210441
11938 209647
10810 170455
19153 537847
13860 281083
17203 434547
3136 14374
17777 472406
8970 118248
729 768
2861 12171
13887 284147
16966 427185
13835 283256
10749 169029
13674 281996
17369 490676
390 237
5331 43406
10478 171909
4384 30491
9304 131648
13659 275999
17396 461121
17171 468365
10567 170475
12376 223357
6162 55819
932 1307
18989 535925
9776 140246
294 142
5318 42101
1057 1669
8330 101797
5213 40128
7392 80705
7517 88459
9508 134520
9234 126216
12175 219998
14929 344082
897 1258
6644 65390
11163 186642
7189 75766
14648 317318
19276 617911
7994 95503
15250 341599
3052 13526
11347 191194
10280 159032
7516 86587
8196 100084
19076 538689
6091 55863
7873 91094
15126 333142
13766 280742
18972 537434
17073 484787
8729 112101
16789 419435
19783 596625
10240 155098
5856 50551
17535 459362
4083 24575
10714 168680
8502 104780
5569 45533
12515 234655
18526 516721
16619 406195
8733 113066
14498 308084
11497 198701
10295 156802
1436 3078
15478 351182
7616 85004
3642 19481
2236 7250
18258 492326
14137 294116
1617 3772
7668 88020
13927 282601
983 1496
13896 281968
17660 458296
10386 160560
15043 333356
11802 202888
5836 51038
4137 25354
1758 4556
8451 105399
6358 58975
18395 507138
10672 166449
18232 490652
19655 575863
18256 490133
2293 7560
14709 318556
15187 341680
16985 425435
12500 232793
18792 550169
41 3
9511 137236
567 519
14379 319452
15536 439865
15041 346637
17218 468536
17535 504256
14629 319047
285 126
9439 131671
8924 116897
4278 26964
323 160
17846 468567
14627 315513
19783 586693
15844 377105
3766 21037
14851 325850
17484 447711
5918 51316
2185 6810
11931 209712
2249 7553
18458 497045
661 657
7839 90806
12714 232644
8430 115399
834 1022
15391 349588
7085 73203
10740 167001
2126 6772
6851 69029
19512 558980
10615 165164
38 4
18475 500483
4159 25549
14890 325729
12309 225064
19559 563666
6444 61497
2743 11133
410 252
7364 80250
7425 82926
4560 30893
12015 211405
14723 316318
9743 138935
1295 2464
12900 243587
5520 45913
11956 211318
9890 145833
18413 507149
3921 22713
10661 171651
18216 491388
1969 5628
18710 510806
10144 153872
9001 121075
13260 263490
9321 182540
18396 595965
1788 4699
7397 80585
12898 244490
16067 378041
9410 130709
7300 78898
19795 580090
10248 156313
19853 599670
6786 67764
1198 2202
13373 264226
13705 282455
5390 42507
18642 513640
7281 78101
3764 21005
177 50
12530 230724
18513 500677
2467 8926
12420 229419
12089 216401
8830 131006
14774 331181
4309 26890
7087 75086
5934 51612
321 153
131 28
19620 566509
12760 239773
14304 301149
14638 317302
5578 47050
2195 7229
12847 241296
16794 417807
10890 177022
10891 175302
1424 2938
8542 106996
4325 26975
11208 189301
4617 31179
10323 159293
17095 513664
1754 7704
9618 194038
6141 59909
6847 72284
17335 446539
14303 308387
4059 23856
1422 3027
6774 66845
10542 164007
3106 14070
4728 32351
6304 58914
11795 209196
17830 470330
1897 5388
2403 9461
10144 156022
4139 25064
5317 41753
3324 16419
7692 95533
7917 91797
6107 53329
7282 78466
10597 171714
12562 232469
831 1052
7804 91174
19560 568659
12858 243059
13090 249070
18765 520910
8152 97686
7685 88599
4763 34246
11139 184040
7252 82420
1660 4149
13389 262610
13248 260251
7407 81696
993 1468
372 192
18945 528617
2589 9825
19459 561791
11158 205434
3843 21349
4241 26608
15541 361644
17339 454156
9409 130154
6885 71589
2852 16085
19690 582343
9790 140473
16994 431055
10706 169638
18138 481040
16006 377811
19475 565566
3025 13188
8226 101997
14051 292187
12447 226005
11773 200351
14920 323447
19340 559131
4111 26609
13658 388737
18634 667497
16376 415322
10495 178064
18532 662449
16702 553512
649 669
17879 525079
13621 276191
12199 225225
1498 3243
2868 13581
15495 367970
2402 8688
8860 131279
662 628
12932 293857
7757 90582
904 1225
12606 296710
16082 383926
2855 12840
1069 1778
8963 138691
1708 4424
16814 453042
89 24
8349 113610
18727 625057
15729 440484
8386 114719
18255 555699
18353 534768
11611 216940
11089 192427
17722 510022
8125 100038
15207 360104
9159 154869
14197 302252
2976 13130
13029 252126
18758 533585
5316 41355
3574 19678
10452 172144
6970 70287
15258 355964
552 582
309 160
19584 593026
6179 56224
13832 294929
6581 64795
13843 286434
3665 19948
10008 153768
9649 145107
8162 100215
14666 323696
14452 324986
9145 127209
12613 241256
12198 232403
13599 293059
4872 34953
6282 59600
2799 11987
767 872
15166 356074
14617 337376
3419 18658
3913 24059
8327 105242
781 984
5625 48544
10061 157484
2558 9705
6397 60266
16827 446504
7846 92881
10365 163391
16531 413730
13791 291369
4578 32900
7656 92285
3993 25513
3431 18535
3012 16310
5740 51006
5602 47981
15013 344766
17356 461583
15784 376850
13824 289916
10467 162094
18241 508888
6673 65007
1098 1768
5014 36714
19749 597615
10030 177164
498 457
10525 174139
17071 440414
18341 515025
5455 43720
9118 127782
17914 502879
2137 7787
5860 52628
14409 341966
16924 433961
6941 74104
15911 398995
3879 23603
12701 251642
7584 92566
10760 173586
13593 280756
15187 352146
14569 323363
80 22
16896 426887
16776 424480
16596 415782
7779 89725
17377 463673
8304 118904
4069 34655
16630 455221
19840 601640
8280 102701
13222 260509
3946 23806
3734 20334
1404 2861
14097 291751
19951 597404
10257 158242
5024 37611
7484 87188
14454 317693
18747 543745
3942 24919
2331 8015
4735 33730
6923 75589
6190 56448
13241 271592
11695 203978
1128 1953
19172 563159
3143 15477
16727 418409
19915 609561
7515 89813
18764 539268
5120 38539
15241 375331
17441 531630
11683 209637
9126 130502
793 982
3756 21661
1692 4220
13764 279191
9111 123304
14260 298969
15921 386087
8844 115471
2223 7407
8752 114393
19568 580802
2425 8637
15177 345467
8329 102407
7925 91941
2760 11140
63 16
6025 53106
9405 129536
19913 589452
19535 572205
2077 6315
9872 144290
8420 105952
17294 450308
3330 17018
9687 136267
9770 148860
15323 389525
18795 527022
14218 320376
3180 16193
7018 76075
17965 500442
19879 602336
17624 485438
19953 602335
15179 340452
15710 376191
16872 443573
12149 220097
11042 193095
7735 104922
13035 267782
3870 26112
1695 4215
17171 464753
18693 526875
15630 382258
6445 62844
19959 602334
3585 18714
8765 111091
5001 37405
13808 290522
1239 2232
18879 565413
8620 128348
16451 427647
5994 54836
4893 36786
13274 266749
6836 69953
11011 192278
8916 134456
2190 7537
14541 320947
19469 574465
8444 107884
14966 346786
7145 79881
13446 268157
3428 17350
17225 449625
4848 39408
12582 246630
16406 421727
4023 25329
5955 53638
870 1091
9044 133094
15397 362101
492 367
17682 480862
17843 531261
2612 10591
12451 249342
6868 80895
6233 82905
9700 152029
7778 95432
1234 2305
7691 93464
827 1323
17342 471936
6554 66505
6689 66270
12209 227360
7620 93341
8208 108294
13479 280245
18392 515707
18381 512455
2767 12951
6196 58239
30 2
12479 235795
6978 78863
15692 375802
7512 83980
15135 353294
17629 469579
12517 238118
14302 307968
18392 519348
3357 17333
12613 245577
566 474
18715 533812
6039 54257
1024 1574
13295 270057
4968 37655
18027 497197
2035 6216
5562 49615
15712 371379
15910 378521
16581 421778
15553 370576
18362 513574
2661 12685
11188 200100
18696 791526
491 559
9589 219276
18842 577289
8530 112187
18794 547463
11390 200819
1797 4886
16862 442692
15783 380636
1525 3523
2574 9881
7370 82134
19900 597874
5679 47217
15161 360193
6049 54526
13958 309823
13991 304464
7448 80991
13624 304782
12857 265134
11248 227107
13046 299491
2198 8181
11555 219846
8770 119295
6494 65114
9005 125789
16077 386031
6794 67308
15554 370802
14619 323637
8788 117322
17381 475748
10467 165368
510 399
13961 292090
9986 148491
17064 461440
19308 573716
19355 568049
6674 65753
3164 14896
470 331
5145 39200
15713 371437
10075 148781
10711 173434
15438 356051
15751 371816
6432 62248
951 1337
14711 336913
14544 315962
9221 140352
3624 19654
3400 17123
6776 68135
19389 570738
1224 2246
11926 220339
16440 408903
10514 167206
17905 487627
15880 386585
8826 120391
17348 466079
18133 508330
5421 46635
8349 107574
10442 168816
17319 457315
16655 425413
10604 172402
10830 173837
17940 497640
11913 219720
16198 408484
18938 555809
11286 188911
15229 358180
19622 595809
13567 272872
8988 124122
19001 560242
15311 355061
5940 52125
334 181
16991 426458
11032 191993
18828 537257
11483 201036
11720 212435
17374 471249
14951 337083
9742 169252
16834 449026
2924 12600
13354 282771
5011 37247
2785 14331
10777 187418
3622 20226
4977 37060
8602 113801
762 902
18879 534861
6824 71483
12087 224792
8610 112862
15807 386287
10435 162660
18623 528315
17783 484845
10720 176882
18753 542013
16666 420578
7197 80296
5359 41750
8821 122469
5071 38036
236 88
16333 418232
9921 154754
19616 587219
18807 599574
15824 420857
3904 23696
5259 40937
2020 6049
11878 213193
6716 69704
13446 274857
1698 4228
11508 213646
2440 8572
11262 189328
15126 344476
18718 520438
1562 3561
19223 556367
18391 516172
3238 15552
17745 465644
7948 90312
5728 48218
13500 275565
12281 224052
6276 57654
9822 140390
19004 540871
11863 212206
14111 295717
8480 105106
10461 163990
9650 139375
8176 100147
16789 412786
10444 174663
18185 526885
2967 13220
2154 7522
762 893
7825 95080
2172 7112
14351 313049
2499 9443
9840 145805
4634 32267
15503 366068
7219 81203
16804 499181
19689 587918
15775 370122
56 16
19863 595726
16257 404581
11076 208584
5071 41503
4620 31811
6802 69604
3963 22506
17245 475123
8527 105911
7772 88852
874 1164
19648 572140
7241 76086
17348 468355
9033 125032
312 155
568 501
18579 510066
767 885
12552 231856
19831 760927
11595 236282
17632 471061
14127 294942
843 1113
2784 11229
68 6
2995 13389
977 1439
5742 49213
10356 159347
6399 58818
19479 573165
5734 48321
13159 260769
11764 202477
4882 34446
9761 139618
14468 311226
6388 59873
8230 101178
14232 298411
6601 63534
4158 24556
2574 10253
18087 505108
15097 336035
7732 89179
9175 124761
19503 565405
9368 131516
11364 189082
17465 453944
7581 83331
1083 1725
16483 399977
15002 332709
7305 79613
14498 311790
19632 567566
13020 249697
5647 46895
15289 341261
11846 224526
5869 53754
15546 374805
8931 123938
8481 117046
8562 119872
16654 419368
165 45
3859 22453
6283 62395
18816 542663
15877 387223
1176 2065
16056 407768
19666 628704
17716 481276
17335 468522
14498 359214
13620 281523
12389 278938
17982 622545
16197 411447
17193 438397
17460 468343
17517 477320
6250 60902
48 14
10436 169345
73 22
15501 371766
19929 624668
2613 10473
9851 154816
18285 518707
12065 224520
15178 377311
2052 6461
19066 577848
4429 31443
5852 51163
5554 45209
4242 26948
8189 99799
18178 516018
18565 550604
18722 531420
7087 76053
13402 277454
1824 5226
2271 7637
11184 202906
13853 297131
9584 135483
1446 4014
19086 563260
17291 460912
16715 422929
19521 599209
3919 23893
12322 231472
16341 407698
5261 40862
10447 165067
15864 449685
2071 6555
11800 223831
138 29
11320 194435
2957 12916
2731 11408
2051 6910
3035 14429
12458 253553
17054 565520
12435 335958
18949 720985
6132 57401
60 7
4082 25332
3624 20492
16762 430202
18281 538493
15565 366234
14589 332022
9605 144970
7245 88751
4293 28406
17549 468966
12000 212083
4577 30692
13449 267251
11526 196287
1855 4909
13011 250613
16527 401068
1839 4984
16781 415864
15089 351075
2071 10587
17332 487273
7994 99105
2736 11825
7080 76596
19659 595277
19899 606143
5520 46793
6599 69558
6498 66049
7364 92286
6494 61621
18739 536831
13865 296531
9165 148137
12468 241135
6554 64682
13270 268816
16129 392913
14398 323008
2326 7846
17677 485446
17225 513533
12037 224607
3050 13662
8503 108698
8355 109968
6622 65687
16810 434270
12746 241215
5885 50923
1413 3019
8169 99137
13869 288522
11927 216872
7187 77172
12980 250827
14243 302453
17778 477640
12466 240249
9819 146439
13613 291119
1839 5605
13240 270360
6087 56098
19483 569100
11098 184616
16712 413556
11719 202456
6001 53637
7225 77527
3859 22537
7480 90899
11242 205950
10037 163145
11821 245918
9545 165650
16314 436385
12992 291397
19932 645816
5699 52292
4905 38803
11197 186998
18406 509061
5986 54884
3043 20860
9660 149419
8100 99402
7537 84887
11798 214635
15893 393732
18697 582790
14543 342851
14200 309836
1904 5318
14823 334701
9805 157434
4942 37729
17300 457712
5637 47982
5241 41324
3636 19742
13228 258780
2548 10108
1085 1684
14552 318868
12195 222365
11538 197335
15814 368488
19456 561146
18214 497073
932 1321
6201 57330
1297 2472
14449 310795
3255 15526
16611 430327
2259 7704
13127 287620
19461 607703
410 259
18182 506011
11461 200928
17322 462171
10145 165806
17664 476044
17670 469204
2184 7104
549 478
785 902
3908 25891
4405 33887
7742 90579
12636 239591
2759 11180
14400 315442
15931 385690
9498 141527
328 169
2217 7426
2244 10958
12291 229329
19608 625805
10536 176161
11263 196105
8038 99075
4233 26416
8750 118480
5963 53662
4520 30724
6963 75228
8979 122684
16211 402983
13265 265225
5582 45880
9473 135432
16656 422055
7688 90399
15093 346372
7360 79835
1751 5085
10650 179857
18597 546682
6220 60041
5577 46379
19633 597332
1920 5710
11806 210049
2438 9623
16273 396095
19158 556114
11007 184829
1068 1709
11358 229847
4830 34615
13833 297270
4415 32659
15011 360027
2475 8992
80 21
15414 354871
16903 421955
15590 361911
12802 239373
8910 116452
6374 59092
5086 38620
12696 235450
5167 39377
8398 104934
19575 574500
15712 382867
5857 50129
11543 198000
17742 458516
888 1157
2889 12981
8265 100473
17001 440428
3215 14860
4166 24533
5616 46823
7178 77376
12887 243178
11426 192287
7082 80053
8659 110635
17501 458390
7033 75371
18007 487723
18279 502589
7505 81336
9284 125350
9669 138099
240 92
17517 454122
10900 173843
8847 116692
3343 15973
9258 124120
7367 82708
4523 30163
10151 153855
19166 551996
15776 377686
12804 249520
2663 10263
11225 185950
17184 442517
4160 28779
16998 421756
7415 79542
11157 181233
18441 500362
15662 360646
15424 346791
14087 303741
2081 6340
11806 203921
1211 2154
13096 260523
16502 405718
3769 31200
5873 56167
15146 347999
5012 38645
438 302
11709 220757
9048 122045
7423 81815
12001 220335
16933 427575
2246 7386
9866 143564
18646 517621
3672 20119
4401 28977
82 11
9107 136924
4160 29013
18399 564283
15928 404983
11892 221216
12551 237263
13003 247411
18013 554973
625 756
5445 47487
9623 156711
8965 145708
13988 299365
12645 235086
4721 32225
16967 428542
228 85
14435 308474
15039 424058
14550 513936
10999 264030
10331 220654
17525 576432
13470 287718
8759 123496
4392 29320
12888 251513
13526 272885
10026 153180
7057 74787
14327 308181
14267 309941
16345 430391
16878 455406
44 14
18127 512129
10612 168472
12974 257438
19823 585284
6052 54635
1287 2480
244 94
14713 323484
5856 50381
4244 27330
3299 16309
18 0
8468 106617
15097 338161
9265 128140
10731 169137
5572 45751
13598 277284
19590 569471
213 73
10667 176368
17005 454853
3578 20848
11060 191211
9386 136899
14252 308715
8058 98914
5683 48361
233 88
1274 2510
7069 76194
7480 84065
15664 375349
17859 533534
12008 218274
6383 61258
2547 12947
14624 316109
5412 42394
1231 2173
11305 189173
11838 209765
13269 266708
9437 130065
9942 151965
5674 47272
19447 559975
11204 195566
19589 592695
12877 259075
6584 68283
1850 6164
3444 19224
2939 12699
18312 514040
18805 539468
8806 113669
5200 39570
14843 336992
8034 93198
16407 395786
567 479
11179 192853
4717 32969
1510 3335
14392 352293
19267 545822
18967 559350
14214 294829
11877 212159
5555 45643
13724 287927
14898 325459
10104 147235
5104 37672
10412 159256
5139 38479
9136 124699
10434 194175
5413 50369
7748 107035
19861 651762
2861 12038
7475 110490
10454 174297
2376 8351
10571 163174
9838 145919
2406 8563
14945 325410
12873 254769
16175 382063
16369 401371
11906 210126
9889 142722
14156 297581
4568 30514
140 41
16924 418512
12035 209831
7717 85633
11328 187613
6741 69330
6330 58650
2559 9599
7612 88198
14989 335063
9105 122044
19575 570887
5890 50806
8081 96245
12682 235554
10719 166774
2885 12240
18575 516855
10712 169607
5148 38923
9518 132590
17374 457898
9012 119065
14902 324527
18773 518319
5777 49010
4880 34717
11228 189944
11244 187352
17230 435156
6614 66746
2701 10863
6103 54127
14052 286261
664 688
1750 4391
16943 421861
7330 78548
12543 235782
5264 46239
18524 529605
5733 49113
15299 346639
9908 141402
19146 531658
17260 445676
260 120
15271 349005
14350 303752
8471 105850
5881 50809
18826 534127
3793 21503
16718 410068
16198 390075
4550 31278
201 95
3499 18317
16637 410515
596 546
19950 584536
574 487
17040 425911
5059 37213
6664 65706
13587 274771
14757 328049
2656 10194
18327 495406
7971 93694
9866 142001
18128 485566
8875 116819
15936 382029
7997 94624
8317 103064
17240 430847
5632 46721
12062 216927
13299 263040
2887 12254
9870 142811
9413 130016
14432 309577
4119 25088
2991 13132
2022 6174
18389 511639
9753 139066
13349 264979
2762 11303
2797 11571
15712 364770
15304 353674
16144 389890
17891 489479
2720 10844
11036 183005
18374 502433
18258 494018
7422 82442
8529 107876
9196 137124
14341 312421
8147 100384
7187 75925
19088 544210
5502 44161
5741 48413
1948 5643
14587 317445
3015 14521
2009 6107
1345 2797
2509 9758
3227 15568
15851 370916
5919 51210
19009 537711
3916 22845
15807 370780
1221 2232
17465 451743
6069 54697
17914 473767
14176 306925
12049 227706
10261 153304
7641 85614
14788 320621
5316 41332
10987 178808
14631 321573
8304 111711
17325 474910
7336 78071
7892 94852
15407 376852
10588 165171
15503 354356
19870 584800
19602 576513
11112 187261
4487 29527
9116 122219
15302 343697
1009 1502
4844 34941
1137 1944
14906 330976
9285 126883
14969 329299
15237 373875
516 409
7457 83038
11908 213228
16232 385584
6238 57328
9430 134245
12723 241138
10845 190509
13690 277472
7651 87973
19171 547828
14846 325057
18910 530254
16071 382495
13368 281883
11956 216985
17178 437196
16753 416582
11434 190866
12739 238442
8239 99107
2324 7900
3616 19423
10076 149145
4070 24437
6385 59854
12015 211348
5808 53148
13121 260824
6215 58166
8658 110895
11332 190872
14554 313107
13156 254291
19212 538779
15840 372112
19176 581525
3497 18592
5036 40014
16325 395335
19413 565551
8430 106701
10280 157778
8587 110063
5951 52177
2695 10945
4602 33576
10356 162958
14055 288415
15267 343885
6465 62060
15462 355915
16860 421556
7899 90984
2733 11208
19064 542340
8420 104407
160 42
14661 321749
11814 205215
4825 34039
3918 22231
16189 398801
9927 146156
14090 296085
3071 13907
134 29
3891 22039
5827 49500
6532 62023
18347 501964
17185 489660
17018 428295
2773 11397
13330 266591
13718 281046
10655 168825
3453 20237
16611 408717
1891 5412
4635 31533
18443 501605
17835 466447
17742 462164
9566 137041
15305 341089
14738 321151
11327 188554
11752 201307
16873 417691
11019 183195
18343 500208
9438 129046
18730 513583
13654 273925
15850 380957
9428 132198
10240 155506
11946 210712
8438 107055
3858 22441
12616 231873
8543 107359
15705 363621
8397 103523
10333 159520
11153 183751
13336 265457
16372 399211
488 348
5407 43897
9932 146477
1412 2953
570 500
4006 24038
17526 474922
1948 5508
18717 528040
10194 153723
299 144
16695 471934
8987 121297
19750 583147
17481 457149
17092 437908
3336 16715
10306 159805
17046 437330
14182 298177
7021 73105
4722 34053
15167 345046
16904 426875
14903 328915
10610 173935
10329 157084
8393 106485
15044 331518
142 41
19625 567657
336 184
1718 4393
8934 117341
14755 321230
7921 93440
9203 124760
355 190
16191 392886
19384 559231
17425 462561
9095 135325
13523 272045
5937 51955
16506 407065
15971 378741
151 35
13246 257717
19073 541900
15226 342809
19477 566938
1087 1808
1618 4024
10631 169316
11199 187740
14709 315202
1208 2192
16797 416593
2710 11182
5607 47589
16442 404404
5310 41642
19456 579914
7588 85397
14035 290183
3554 18453
8525 111275
17754 494919
8517 114288
10464 168398
10889 178596
19850 665287
7926 95058
4291 26812
17718 460827
5442 43802
17946 477632
2993 13614
10377 159676
6602 64024
8457 108736
3296 16142
6766 72900
4677 32736
370 236
15783 371029
13437 263635
2463 8939
19807 579462
10366 156926
12808 244954
9221 124303
11764 208524
1039 1614
16599 406191
18788 568641
18686 541439
472 585
12642 247928
12536 235249
14194 296202
14110 301755
12061 215638
11824 206830
18762 514222
13302 257094
13514 276031
4910 35489
11918 211759
19807 581812
1669 4058
6789 67924
7317 79123
7568 84034
12998 251508
6855 70034
6569 63020
4705 31988
13693 280037
8271 99345
1856 5061
16539 407596
1843 5010
4266 27225
5050 36688
13084 253085
6187 57785
12956 327094
14168 415290
4964 57923
14320 355397
10457 168400
13937 290297
17861 499775
5943 53355
9241 125747
17944 501720
4197 26091
532 443
728 854
1549 3552
3940 22835
9629 136637
8312 112480
18017 508390
16360 424745
14859 333581
1172 2105
8570 117431
15688 405352
6287 75478
3437 28991
6212 93465
10415 190002
16857 452500
18535 556983
459 346
3754 21337
730 823
16967 449826
7464 82379
1593 3755
12972 265200
14518 381089
10874 191318
5517 46113
19720 693002
10229 169756
14384 313492
16339 435591
6099 55081
12551 240173
8442 113650
2751 11050
8877 118558
4439 29337
10022 149865
1378 2858
1335 2560
18803 525210
12090 217967
16345 415632
10600 165546
11465 212002
2244 7701
133 46
15520 360856
10307 166078
2198 7136
3341 16379
19411 635747
17739 476735
4528 30442
14642 314918
1791 4870
19424 553346
10013 149890
8319 129006
19460 579024
14806 324457
6245 59996
1794 4787
5845 54990
17701 508321
4970 37190
7453 89757
14092 319210
5327 64652
15277 355773
10131 180860
1394 4660
19512 664270
18325 515731
6183 57830
3462 17642
17750 482026
784 939
13427 265457
7496 84198
16627 431827
3542 18896
12027 239099
7056 83036
7629 87689
14999 452422
658 976
11933 273419
15491 463484
6247 69822
9506 156041
17490 476486
17989 487577
4063 24237
7667 85120
12409 228528
5471 46985
8188 100663
18191 527332
2056 6105
6358 61072
18900 541903
5357 43613
13403 270051
9238 130943
12643 253275
19310 598114
6865 78884
11735 205573
6216 61051
14017 289564
19557 554808
8395 104049
16045 377955
8977 115938
15392 356761
6584 63048
7501 83075
361 197
3484 17497
2676 13830
11328 206564
12362 257636
165 42
11937 213460
6213 62005
14466 346089
6893 73572
61 16
8412 102081
16658 436353
8235 107062
6643 65110
10953 176854
3383 16656
2771 10969
18896 519113
8837 120185
11890 222701
1963 5812
17256 449917
3207 15175
14517 308862
7401 84240
16584 425454
8412 103264
2195 6940
16131 386110
5683 46995
4231 26459
11478 193912
18872 539914
2931 12520
2418 8860
1997 5899
17422 463234
6533 64878
5514 46672
7640 86127
16733 449787
17605 485353
6797 67673
1499 3324
60 5
10431 158935
17372 450875
17535 459424
3304 16306
11067 179342
7091 76308
8566 107836
8529 116265
17873 498337
15363 378435
6451 64130
19186 589681
3712 21312
12832 266210
3944 24778
16957 436666
8581 109601
2601 10067
7614 86247
12799 244746
8445 112396
17220 439021
18429 527056
5764 52723
5260 41375
43 3
13831 298864
9643 140594
3031 13711
14784 341139
7979 104034
11931 229421
11914 224515
1381 2970
11398 210904
9151 133311
1833 5067
9924 153901
16482 435254
19380 626582
694 801
10120 167171
8624 114593
11082 206082
936 1304
10873 184468
7787 90668
5757 48898
17649 511881
16269 680607
1616 5834
13350 352336
3972 43561
16795 594897
9256 237352
13895 357434
17939 522240
4129 25430
15717 394813
738 844
9791 140184
2567 9859
9135 139292
1102 1855
2539 9698
15344 366637
1354 2683
15236 353303
9103 121375
18088 495896
19 1
5996 54851
9335 132295
14962 347996
10297 157685
9155 158481
1030 3595
549 1017
1492 7979
1124 4354
6713 87540
8290 102391
10810 172893
859 1135
10258 156407
6020 53453
13353 262180
18779 536382
567 475
8864 122859
14972 332894
1133 1880
6788 67759
4402 28800
10695 168913
7141 75041
18889 523681
11916 210936
4831 35634
19730 577179
15289 346042
18758 546032
19728 598170
3727 20257
10800 178644
872 1119
3054 13846
19065 819721
17590 465272
17521 454457
8464 104891
10775 179072
17373 444905
6485 62059
3244 15279
3467 17927
15537 363053
19734 656722
13174 264069
18409 507257
15909 375029
16792 417271
15898 372344
915 1237
16652 553216
1491 3740
818 1273
1650 5652
10452 173007
19766 589362
8854 114111
242 100
13233 253601
16021 424183
3167 18383
6565 95937
10434 189391
16751 425949
12802 248416
4379 28239
1506 3358
19064 554329
6019 54095
13739 328880
9558 144624
12899 255053
13744 286270
2726 10921
661 645
7825 89264
11812 206088
9508 137452
18788 533352
11061 184596
3223 15131
3432 17522
7530 86823
2214 7114
4687 31856
17436 454374
6748 67107
10743 171838
14531 315269
2575 9948
16530 406764
18110 500875
1244 3617
9699 154431
2523 10039
19969 594253
6386 59967
10369 159031
15833 371305
18650 524877
14806 326264
16822 508921
942 1361
10543 188310
18206 492850
18537 503756
6709 67497
8989 118038
1794 4727
5520 47319
1838 6637
9556 139684
15401 350220
3012 13663
18213 485197
9561 134957
1356 2723
10227 153740
3276 15819
1967 5714
438 288
1439 3125
18632 516193
16220 398519
1459 3233
1737 4570
5116 39130
15352 347128
11104 182882
2153 6892
15689 363692
19192 544937
16951 434039
15300 347703
3650 19613
18751 543228
19415 567420
9444 132268
2692 10731
3260 15664
3656 19829
6477 62412
17815 475883
19862 581638
17401 449856
16698 411772
3393 16983
5140 39075
13279 270993
6634 64657
1023 1595
14607 318136
4592 31093
19832 582005
2779 11567
16154 385439
11617 199768
2473 9057
12376 227581
9826 167005
7176 77614
1236 2331
7430 82323
8960 118415
3083 14163
12511 235944
16035 377670
11271 188056
5601 46268
1841 5183
14008 292604
10129 157688
9423 138583
2292 7671
12586 240963
15371 348092
2203 7105
11542 199531
12890 241673
1679 4160
8725 112428
2770 11038
16283 395113
15897 378021
18670 523300
4619 32222
1707 4264
16371 439888
8120 104711
2022 6148
12220 231074
9351 131790
16782 430287
13959 302794
11233 197248
13039 259974
6792 67910
2150 7085
18951 537513
8599 112776
1826 5151
19714 582670
7520 83008
4702 33029
11458 203519
11722 213530
4320 27778
13074 257368
392 234
12552 238304
11367 197406
11059 186128
14496 313570
2665 10442
3645 19499
7468 82044
786 887
10806 171357
10968 181685
2594 10355
6302 58580
13376 339421
332 182
6109 55284
14200 303354
17274 447025
1681 4100
18943 540037
19757 593897
14248 306734
10241 156245
5724 48333
5549 47390
7821 90308
624 575
16076 389117
5232 40471
1379 2835
16942 428770
8866 116713
5968 55345
5922 52197
15275 361122
19617 613405
18247 702099
17401 469771
3114 14738
165 45
7346 85348
7001 113851
2990 21779
3482 29644
16178 422101
4533 31956
8205 101282
1255 2420
4735 34907
17327 447052
7970 93383
1104 1782
16869 430505
11700 209478
6732 66231
1150 2062
16489 405236
11537 198780
10090 150533
6537 65665
14018 289219
15068 342079
17996 487681
686 696
18079 484772
15019 331309
17080 428665
5498 44646
7479 83466
9897 146723
16609 417824
5915 51975
18692 521960
14889 331469
16798 429579
3168 14962
13639 273633
15749 373195
7219 77973
12559 232814
9224 126559
4763 34430
7774 88601
1132 1954
15517 366788
19883 586374
14316 314143
7368 82592
4300 26823
19350 556806
13476 280457
2798 11591
11010 180727
1777 7361
7899 92123
10721 176934
1497 3233
4496 30868
9721 140413
10114 151574
5261 40825
9594 136566
12574 253470
17257 442404
17916 482927
19347 554171
9790 140982
3397 17111
2857 12109
2335 7976
245 123
1677 4044
5574 45381
5503 48448
16870 432628
8141 97678
13456 267126
19152 552929
5652 47882
14670 321253
3495 18099
7487 83816
6994 71477
1620 3900
14351 326989
16962 429513
13910 290345
13615 280002
12152 219826
10418 159755
19122 551174
9694 141670
8785 113764
2770 11383
18045 488442
15481 360553
1280 2488
14084 296070
830 980
14761 329093
6806 68415
9459 137108
14952 356798
14970 349629
18957 552375
10138 155448
2595 10582
19239 564911
8142 111483
12323 244038
9286 127644
8078 100591
7697 87087
8850 117166
3853 22359
7771 89433
9722 140154
14870 330289
9912 147300
6170 58358
1792 4869
10399 161518
19461 569292
18116 488202
3604 18952
15391 360845
13370 263691
3191 15225
1139 1907
6801 67859
12656 236034
16392 407634
5688 48266
8348 106846
9740 142297
10741 173279
10988 178675
2441 9037
3512 18417
8341 103679
16479 402843
10382 158303
18989 539533
17946 481577
7020 76006
7895 93427
13934 288853
13747 282253
202 73
12293 228815
8904 117552
15736 384813
11494 199177
1945 5663
12673 237416
11543 198307
10591 167641
2495 9963
5382 43563
9668 144376
9679 142006
14809 327235
6582 65789
14880 329981
16208 398114
15162 338415
10765 172143
6080 55019
1634 3938
1389 2921
10119 156385
17067 435626
10238 162606
8507 108575
4318 27613
10636 172217
18327 505181
11974 229484
12802 278599
9412 143547
7785 95608
3799 22135
17290 452736
4439 29950
13105 270205
11960 221904
6807 70521
5834 51176
10820 199143
13025 256451
19976 604765
11032 179497
10610 167201
7324 79887
6706 67138
8124 107792
1778 7755
1452 3919
18290 505054
3939 25936
16351 398912
4151 26488
17220 448486
564 492
9311 128141
16129 392027
9255 133097
17239 458980
15319 363943
16006 445318
2714 11133
18230 496214
7351 84816
3907 22976
1932 5743
9600 136247
2055 6425
12556 239275
5652 46709
1840 5127
17629 457453
9356 129338
3456 17443
7060 74391
15945 375112
8642 137093
13573 270216
816 1022
7201 80396
17246 448557
15756 367860
10973 178980
14392 315092
6571 64501
17843 472752
19922 654344
14805 342137
7142 76933
2129 6790
7742 90176
19116 549404
2338 8228
13037 266557
18931 539112
7478 81961
17125 452165
12594 236814
401 243
11634 199935
8091 97768
1140 1876
8254 100113
6806 68561
18867 532495
5441 46406
4171 25698
1346 2828
19188 549392
11226 187263
15684 365379
18318 509695
3204 23671
8490 109340
2231 8918
8363 109433
437 306
12951 256400
8131 100464
11145 183752
6754 69547
10486 164317
9370 127441
1431 2979
18239 496854
5760 51367
1949 5740
18072 488972
17358 459838
9819 144553
6856 73349
16253 394376
5141 39773
7901 100030
15719 370412
282 127
3259 16448
4677 33522
16696 446462
3264 17283
1877 5366
1063 1730
18525 525485
3552 20277
12903 249338
4117 25252
6833 69934
8612 114605
14582 323573
7646 90817
9749 152937
16526 428445
2337 8131
8373 106572
5245 40371
2906 12866
14476 324881
1401 2875
2235 7470
591 560
2895 12349
1815 4914
17395 461448
11078 184316
10783 177565
4581 31084
9058 122800
2662 10586
10418 160733
13219 270135
4958 36452
12357 231398
7745 88530
15337 354140
11450 192875
19865 589651
1655 4023
13366 272997
14346 311866
4285 26993
14114 297012
7649 86655
9268 129768
3899 22439
15113 348368
15688 368256
11494 194508
5919 52855
7985 95589
1339 2739
3965 23372
1659 4018
18503 520284
182 60
9711 140708
4036 24247
6475 62472
9100 124338
4184 25850
16928 425505
18526 515608
9314 136743
5864 51633
3780 20821
2255 7599
10330 174742
16069 392633
1419 2985
17535 451539
2790 11641
14239 301410
8196 98562
16636 412848
4953 35633
16920 431449
11796 207041
1714 4318
10075 150826
6613 64762
17695 490069
19929 597294
13225 266083
4581 31365
7539 83011
9589 140539
9427 131367
2593 9866
8899 120611
5113 39658
5139 41167
18759 556110
2033 6251
1385 2864
2637 11384
711 755
9996 155407
1935 5786
12058 223886
18934 747653
1800 4954
329 163
12843 248157
14923 367523
2162 6981
17579 453578
5123 38479
14492 309022
15875 378211
9729 142200
8489 108402
19214 547120
11113 201729
9149 127360
5803 50020
7478 83534
13857 285795
1377 2831
19008 546876
16383 406747
16283 404485
17283 447058
16118 387765
14130 314699
2842 15333
5367 47538
