n r1 r2 r3 r4
0 0.000183114 0.00781286 0.109136 0.412723
1 0.00109866 0.0468761 0.654251 0.476146
2 0.00494392 0.210941 0.943282 0.142367
3 0.0197756 0.84376 0.771436 0.568885
4 0.0741584 0.164091 0.139076 0.132008
5 0.26697 0.390712 0.891532 0.672086
6 0.934393 0.867448 0.0975078 0.844444
7 0.203632 0.688282 0.561261 0.0178902
8 0.81225 0.322659 0.489997 0.507345
9 0.0408144 0.741414 0.88863 0.883058
10 0.934638 0.544555 0.92181 0.732243
11 0.240499 0.594603 0.533192 0.445934
12 0.0312489 0.666621 0.902861 0.0854224
13 0.023007 0.648299 0.618435 0.499126
14 0.856802 0.890211 0.584857 0.225955
15 0.933748 0.506569 0.943231 0.863595
16 0.89127 0.0275196 0.395671 0.147975
17 0.943891 0.605996 0.88495 0.115494
18 0.641913 0.388301 0.748662 0.361191
19 0.356465 0.875841 0.527418 0.127703
20 0.36157 0.760336 0.426552 0.515494
21 0.961237 0.679446 0.812555 0.943637
22 0.513289 0.233652 0.0363586 0.0223781
23 0.428599 0.286892 0.905157 0.641536
24 0.951996 0.618489 0.103717 0.647814
25 0.854584 0.128904 0.475883 0.11306
26 0.55954 0.207023 0.921852 0.84803
27 0.665985 0.0820066 0.248161 0.0706418
28 0.960051 0.628832 0.192297 0.791576
29 0.766444 0.0349342 0.920334 0.113681
30 0.958206 0.550115 0.791337 0.557902
31 0.851241 0.986282 0.465016 0.324279
32 0.483594 0.96666 0.668058 0.924558
33 0.240393 0.923417 0.823203 0.628839
34 0.0900132 0.840564 0.926702 0.452006
35 0.376546 0.73263 0.151384 0.0524916
36 0.449157 0.830702 0.567983 0.246891
37 0.306028 0.390544 0.045441 0.00892341
38 0.793757 0.866945 0.160798 0.831519
39 0.00828371 0.686772 0.55582 0.908802
40 0.905894 0.318127 0.887736 0.969143
41 0.360808 0.727819 0.324035 0.635638
42 0.0118071 0.503768 0.954589 0.0915459
43 0.823568 0.472242 0.811216 0.828532
44 0.835145 0.29954 0.275994 0.147278
45 0.598759 0.547057 0.35502 0.426879
46 0.0762457 0.586484 0.646175 0.235777
47 0.068642 0.59539 0.681873 0.572748
48 0.72564 0.293984 0.275661 0.314496
49 0.736064 0.405389 0.517106 0.732244
50 0.885621 0.786479 0.621692 0.563005
51 0.689149 0.0703756 0.0761968 0.787831
52 0.164311 0.343939 0.861952 0.659941
53 0.783522 0.430255 0.485942 0.869166
54 0.22233 0.486078 0.158083 0.275528
55 0.282285 0.0441705 0.575017 0.830673
56 0.692742 0.890324 0.0273576 0.504288
57 0.615885 0.944409 0.988994 0.549669
58 0.46063 0.653541 0.687747 0.75942
59 0.220818 0.42156 0.225532 0.609497
60 0.179238 0.647494 0.163474 0.822204
61 0.0880684 0.0909187 0.951056 0.447753
62 0.915267 0.718068 0.235064 0.28668
63 0.698988 0.490143 0.850883 0.6903
64 0.956521 0.478241 0.98972 0.561683
65 0.448238 0.458161 0.280379 0.157401
66 0.0807374 0.444797 0.774792 0.889256
67 0.450281 0.545328 0.125342 0.918926
68 0.97505 0.268797 0.778919 0.510258
69 0.797769 0.704829 0.545435 0.791211
70 0.0111672 0.809801 0.262343 0.154943
71 0.887078 0.515339 0.66514 0.808762
72 0.221965 0.80383 0.629759 0.458086
73 0.348084 0.184926 0.792293 0.469655
74 0.0908224 0.875091 0.0859242 0.695158
75 0.412177 0.58621 0.384909 0.944055
76 0.655659 0.641444 0.536135 0.407909
77 0.224362 0.572768 0.752631 0.950961
78 0.445241 0.663617 0.690572 0.0345847
79 0.65219 0.82679 0.369749 0.648859
80 0.905973 0.988182 0.00335209 0.581892
81 0.566125 0.487985 0.692368 0.651622
82 0.242991 0.0342668 0.124041 0.672701
83 0.362822 0.813738 0.512931 0.171607
84 0.990016 0.574026 0.961216 0.975332
85 0.6747 0.120517 0.150922 0.307528
86 0.138051 0.556863 0.254584 0.0671758
87 0.756012 0.256527 0.169208 0.635304
88 0.293611 0.527394 0.723994 0.207243
89 0.957554 0.855619 0.82109 0.525722
90 0.102824 0.387168 0.410596 0.289141
91 0.998963 0.622442 0.073769 0.0033479
92 0.0683626 0.25014 0.747247 0.41782
93 0.419504 0.898856 0.819561 0.476786
94 0.901763 0.141881 0.192142 0.100342
95 0.635037 0.761582 0.776804 0.310975
96 0.694357 0.292557 0.931546 0.96277
97 0.450807 0.901109 0.598044 0.977848
98 0.455632 0.773639 0.204349 0.202161
99 0.676528 0.531855 0.8437 0.412329
100 0.958478 0.228377 0.223054 0.65453
101 0.662115 0.583568 0.745029 0.216213
102 0.346391 0.446016 0.462687 0.406514
103 0.119312 0.423985 0.0708626 0.493161
104 0.598354 0.529766 0.260989 0.300346
105 0.516314 0.362737 0.928168 0.363623
106 0.7127 0.408523 0.220113 0.478625
107 0.629371 0.186506 0.967162 0.599144
108 0.36193 0.442332 0.821957 0.287239
109 0.507237 0.975433 0.227284 0.331137
110 0.786053 0.87161 0.966093 0.401676
111 0.15119 0.450768 0.751 0.42982
112 0.832659 0.860115 0.811168 0.963837
113 0.635245 0.103784 0.108002 0.914643
114 0.317539 0.881664 0.347505 0.813327
115 0.18803 0.355929 0.11301 0.648172
116 0.270327 0.200598 0.550516 0.56909
117 0.929693 0.000231862 0.286009 0.580988
118 0.145219 0.196008 0.761409 0.364118
119 0.504077 0.173962 0.994371 0.95582
120 0.717493 0.279698 0.113547 0.457852
121 0.768262 0.112531 0.731936 0.144734
122 0.152138 0.157905 0.369698 0.747741
123 0.998468 0.934652 0.630761 0.183835
124 0.621565 0.18677 0.457286 0.373344
125 0.743174 0.708747 0.0668653 0.585547
126 0.864958 0.571554 0.285618 0.153186
127 0.501186 0.0505983 0.11192 0.649194
128 0.222491 0.159607 0.100957 0.51649
129 0.824272 0.502259 0.598463 0.256197
130 0.943213 0.577091 0.682169 0.888769
131 0.240833 0.942209 0.706848 0.0268415
132 0.956081 0.459441 0.101562 0.162128
133 0.568987 0.276759 0.247739 0.731197
134 0.809194 0.52559 0.57238 0.928027
135 0.734282 0.662708 0.204627 0.98739
136 0.122952 0.245938 0.0763456 0.572095
137 0.12917 0.511251 0.616427 0.546058
138 0.668455 0.854064 0.0114515 0.127494
139 0.848198 0.523131 0.520866 0.85044
140 0.0730985 0.452204 0.022131 0.955188
141 0.804806 0.00504982 0.444994 0.0771734
142 0.170948 0.960462 0.470786 0.866347
143 0.782437 0.717323 0.819767 0.50352
144 0.156089 0.659783 0.681529 0.224001
145 0.894597 0.502786 0.711273 0.812323
146 0.962781 0.0786699 0.133881 0.857929
147 0.725319 0.946947 0.401825 0.836667
148 0.686883 0.973654 0.206024 0.298635
149 0.593423 0.3194 0.619721 0.261812
150 0.378598 0.153512 0.864105 0.883153
151 0.930777 0.0464746 0.607148 0.94261
152 0.177279 0.897236 0.865938 0.707285
153 0.686683 0.965146 0.731299 0.760222
154 0.524588 0.715751 0.594348 0.195766
155 0.967379 0.608191 0.984399 0.332599
156 0.0829856 0.207384 0.557263 0.233699
157 0.791498 0.770591 0.483985 0.4088
158 0.00211918 0.757085 0.888539 0.349508
159 0.889231 0.607193 0.975371 0.417848
160 0.316314 0.829392 0.855374 0.361516
161 0.894803 0.511613 0.353903 0.408462
162 0.521996 0.605152 0.42505 0.197127
163 0.0787436 0.0263921 0.365177 0.506603
164 0.7745 0.711989 0.365613 0.265476
165 0.938306 0.0344039 0.907081 0.0334276
166 0.65934 0.798524 0.151967 0.811281
167 0.511285 0.48151 0.748076 0.56684
168 0.133649 0.702343 0.120752 0.0995056
169 0.200323 0.880468 0.991835 0.495477
170 0.999103 0.961715 0.864237 0.0773128
171 0.191705 0.846083 0.258911 0.00458249
172 0.158306 0.421061 0.77533 0.33168
173 0.224491 0.91162 0.321777 0.948835
174 0.922192 0.680173 0.952697 0.707895
175 0.512729 0.876457 0.820189 0.707851
176 0.776653 0.137185 0.346858 0.876057
177 0.0453514 0.934991 0.699447 0.885678
178 0.282233 0.375286 0.0749654 0.429555
179 0.285237 0.836794 0.154767 0.606231
180 0.171325 0.643195 0.253912 0.771391
181 0.460813 0.328021 0.130571 0.172265
182 0.222954 0.179376 0.49822 0.0910755
183 0.190408 0.124066 0.814178 0.996066
184 0.13586 0.130009 0.401091 0.156715
185 0.101487 0.663465 0.0789433 0.975701
186 0.386188 0.810706 0.863844 0.443764
187 0.403744 0.893057 0.472575 0.881281
188 0.946765 0.0619835 0.060851 0.293807
189 0.0468997 0.334388 0.111935 0.831312
190 0.760511 0.448476 0.123953 0.343606
191 0.14097 0.681366 0.736299 0.579829
192 0.00121666 0.0519108 0.30222 0.386519
193 0.738574 0.17917 0.186628 0.10066
194 0.420496 0.607822 0.399788 0.125282
195 0.875806 0.034403 0.719079 0.845755
196 0.470376 0.736021 0.71638 0.946994
197 0.939996 0.106502 0.826569 0.0701704
198 0.406597 0.0148176 0.511995 0.898072
199 0.979619 0.13039 0.632847 0.7569
200 0.218336 0.648983 0.189131 0.458749
201 0.493447 0.720388 0.439157 0.940394
202 0.99566 0.481475 0.932767 0.513627
203 0.532938 0.405363 0.644189 0.618213
204 0.236693 0.0989021 0.470224 0.0866348
205 0.623714 0.945144 0.0236487 0.955888
206 0.612049 0.780744 0.909874 0.955616
207 0.0588633 0.178169 0.246407 0.130704
208 0.844742 0.0423206 0.289576 0.183676
209 0.538681 0.650399 0.51979 0.925722
210 0.62941 0.52151 0.512556 0.901251
211 0.928331 0.275469 0.397226 0.0760058
212 0.905294 0.959219 0.770351 0.344778
213 0.0767835 0.276096 0.0470765 0.384614
214 0.313053 0.023599 0.349298 0.204684
215 0.187267 0.656735 0.672102 0.766578
216 0.306125 0.728016 0.888925 0.757315
217 0.151347 0.457486 0.284635 0.644686
218 0.152956 0.192771 0.707482 0.052282
219 0.555607 0.0392514 0.683177 0.511521
220 0.957045 0.500567 0.731721 0.59859
221 0.7418 0.650138 0.241732 0.987848
222 0.8374 0.395727 0.864905 0.539776
223 0.348198 0.523117 0.0138436 0.348025
224 0.55259 0.577164 0.298916 0.230172
225 0.181756 0.75493 0.668904 0.248805
226 0.117229 0.335101 0.32318 0.42128
227 0.0675682 0.216242 0.918943 0.288438
228 0.350349 0.281538 0.605035 0.939106
229 0.493978 0.743053 0.35972 0.0386912
230 0.81073 0.92447 0.713011 0.780197
231 0.418578 0.859348 0.0405839 0.332962
232 0.214903 0.835858 0.826402 0.975997
233 0.522211 0.281011 0.59316 0.859326
234 0.199141 0.163345 0.121338 0.371985
235 0.494945 0.450972 0.389589 0.497973
236 0.1774 0.235728 0.245487 0.639976
237 0.609897 0.355621 0.966624 0.358098
238 0.0627853 0.012174 0.590364 0.388808
239 0.887636 0.87246 0.842563 0.109968
240 0.760747 0.125191 0.742106 0.16053
241 0.575758 0.899011 0.869567 0.973472
242 0.607828 0.267345 0.538449 0.396064
243 0.465148 0.512972 0.404592 0.615132
244 0.320431 0.671728 0.581514 0.126218
245 0.736257 0.413623 0.847753 0.221123
246 0.533661 0.436181 0.852889 0.190774
247 0.575652 0.894482 0.487561 0.154537
248 0.650967 0.441258 0.249365 0.210255
249 0.724935 0.597211 0.10814 0.870693
250 0.490905 0.611946 0.40456 0.331866
251 0.421018 0.296774 0.454097 0.15496
252 0.107964 0.273135 0.0835444 0.942969
253 0.858621 0.967841 0.41439 0.263173
254 0.180051 0.348836 0.734443 0.0923143
255 0.352714 0.382446 0.677146 0.185329
256 0.495824 0.155152 0.452885 0.281146
257 0.800521 0.488893 0.622998 0.0189137
258 0.340711 0.536991 0.662024 0.583169
259 0.839576 0.821909 0.36516 0.328792
260 0.97106 0.0985397 0.232749 0.724231
261 0.270173 0.194057 0.11005 0.386256
262 0.881503 0.277482 0.565563 0.799453
263 0.857462 0.918385 0.402925 0.320416
264 0.211241 0.0129665 0.32749 0.727422
265 0.550289 0.812337 0.338609 0.480788
266 0.400562 0.757324 0.0842469 0.337932
267 0.450771 0.232908 0.458002 0.700501
268 0.0995673 0.581538 0.98979 0.161624
269 0.540462 0.39305 0.81672 0.66523
270 0.346667 0.124463 0.992212 0.536768
271 0.215844 0.209328 0.602797 0.233534
272 0.175058 0.135796 0.686869 0.570291
273 0.107754 0.930825 0.696043 0.319944
274 0.0710029 0.362789 0.994442 0.78704
275 0.456234 0.799303 0.702258 0.84275
276 0.0983763 0.530722 0.263572 0.973134
277 0.484155 0.990604 0.261115 0.254059
278 0.0195419 0.167123 0.194538 0.766144
279 0.759859 0.0873071 0.817195 0.310334
280 0.383275 0.0197338 0.15233 0.966707
281 0.460921 0.332639 0.559224 0.00723757
282 0.316052 0.818229 0.984374 0.343063
283 0.748022 0.915625 0.873226 0.993239
284 0.643665 0.129687 0.379994 0.871867
285 0.129785 0.537498 0.420927 0.292054
286 0.98573 0.0578054 0.105614 0.905519
287 0.746313 0.509354 0.845346 0.80463
288 0.60631 0.535874 0.121548 0.678113
289 0.92104 0.631059 0.121174 0.827002
290 0.0694568 0.963489 0.633115 0.858996
291 0.127377 0.101404 0.708121 0.710959
292 0.139149 0.937025 0.550694 0.534793
293 0.688504 0.709514 0.931074 0.810129
294 0.878684 0.823854 0.630196 0.0476357
295 0.0755664 0.557499 0.401513 0.994653
296 0.545242 0.93031 0.737314 0.539195
297 0.591352 0.564366 0.810269 0.283295
298 0.640939 0.0134119 0.22579 0.847015
299 0.523465 0.00117314 0.0623193 0.53244
300 0.372336 0.886332 0.341804 0.571502
301 0.52283 0.307433 0.48995 0.637051
302 0.78596 0.867612 0.863467 0.678792
303 0.0102838 0.438774 0.771249 0.339293
304 0.988066 0.824135 0.856287 0.926632
305 0.83584 0.995843 0.196486 0.506152
306 0.122449 0.557842 0.47233 0.697228
307 0.212136 0.384462 0.065612 0.628
308 0.17077 0.2862 0.142698 0.492948
309 0.115399 0.257037 0.265679 0.305687
310 0.155463 0.966424 0.309792 0.39759
311 0.894185 0.485211 0.467645 0.634359
312 0.96594 0.213444 0.0177436 0.227844
313 0.747979 0.91377 0.897652 0.657836
314 0.794413 0.561622 0.226221 0.89642
315 0.0346673 0.145804 0.278455 0.457997
316 0.0582865 0.820223 0.634741 0.680205
317 0.0377134 0.609107 0.302356 0.959255
318 0.701702 0.272634 0.101465 0.633686
319 0.870793 0.153839 0.887585 0.16882
320 0.909437 0.46933 0.412327 0.309744
321 0.619487 0.431428 0.485699 0.339084
322 0.531983 0.364597 0.203251 0.246806
323 0.616517 0.304728 0.848216 0.429078
324 0.911258 0.546996 0.260043 0.353213
325 0.918893 0.539424 0.926307 0.257577
326 0.312037 0.313585 0.217458 0.366543
327 0.602188 0.0266916 0.967986 0.881063
328 0.804794 0.337887 0.850797 0.987488
329 0.409073 0.787099 0.392907 0.995363
330 0.211288 0.68161 0.700265 0.0847823
331 0.586073 0.00576603 0.665431 0.550429
332 0.614846 0.900111 0.690202 0.53953
333 0.414424 0.348769 0.152332 0.283325
334 0.952929 0.99162 0.702175 0.844177
335 0.987753 0.810799 0.842059 0.515136
336 0.350161 0.940209 0.732782 0.493223
337 0.211189 0.344064 0.818159 0.323113
338 0.115684 0.602504 0.313913 0.499673
339 0.793401 0.51845 0.520046 0.0900234
340 0.719254 0.688162 0.295062 0.0430804
341 0.174912 0.462924 0.0899599 0.448272
342 0.576189 0.584085 0.884199 0.301908
343 0.882926 0.338192 0.495553 0.777002
344 0.111853 0.772389 0.0155271 0.944837
345 0.72478 0.590604 0.63319 0.676003
346 0.342003 0.592124 0.659398 0.552484
347 0.528999 0.237311 0.257673 0.230876
348 0.0959706 0.0947441 0.611458 0.412905
349 0.814828 0.43267 0.349694 0.399543
350 0.0252341 0.743322 0.595041 0.681113
351 0.817951 0.565903 0.423003 0.490789
352 0.680598 0.705521 0.182644 0.814713
353 0.722031 0.14 0.288837 0.471177
354 0.206804 0.490314 0.0892283 0.494648
355 0.742544 0.681879 0.935837 0.727291
356 0.594026 0.67845 0.811966 0.911914
357 0.881261 0.933787 0.449265 0.925866
358 0.941328 0.496675 0.387896 0.347972
359 0.716624 0.575962 0.283987 0.755037
360 0.82779 0.985699 0.212861 0.398474
361 0.517122 0.730535 0.721287 0.595508
362 0.652623 0.511917 0.411968 0.98678
363 0.261641 0.496687 0.980228 0.561108
364 0.696239 0.372874 0.173656 0.485632
365 0.822665 0.767058 0.219881 0.863819
366 0.66984 0.246488 0.756383 0.81222
367 0.615048 0.575401 0.55937 0.098953
368 0.661735 0.234017 0.548776 0.283737
369 0.434972 0.225488 0.258329 0.811842
370 0.654221 0.246776 0.610985 0.317423
371 0.0105765 0.451265 0.34095 0.59796
372 0.175467 0.486609 0.546838 0.730954
373 0.957616 0.858264 0.212474 0.00408071
374 0.166487 0.770105 0.353304 0.445897
375 0.380381 0.896252 0.207557 0.638655
376 0.783904 0.446568 0.0656026 0.818858
377 0.279995 0.613141 0.525604 0.165255
378 0.624838 0.659736 0.563201 0.621801
379 0.229066 0.440146 0.648771 0.243517
380 0.750857 0.703249 0.823816 0.86489
381 0.443551 0.258186 0.103957 0.997684
382 0.903591 0.219869 0.209392 0.202097
383 0.429583 0.995545 0.320741 0.233427
384 0.445182 0.994446 0.0399205 0.58169
385 0.804846 0.00677598 0.352855 0.389296
386 0.822437 0.0906404 0.757845 0.100568
387 0.691005 0.482859 0.371373 0.0997375
388 0.744095 0.0813888 0.407637 0.693316
389 0.24553 0.142604 0.103464 0.262261
390 0.776323 0.123124 0.952056 0.333719
391 0.448171 0.455311 0.781155 0.641967
392 0.702119 0.623745 0.118428 0.848324
393 0.179172 0.644673 0.680175 0.312245
394 0.755961 0.254333 0.0151966 0.238554
395 0.923217 0.723936 0.969601 0.62112
396 0.735655 0.0546211 0.680837 0.579729
397 0.104976 0.812301 0.358611 0.888297
398 0.00895816 0.382215 0.024137 0.112218
399 0.108967 0.982582 0.917321 0.678635
400 0.573177 0.455559 0.286691 0.0618451
401 0.458362 0.890115 0.464261 0.263355
402 0.591578 0.240657 0.205344 0.0235245
403 0.424209 0.432909 0.0537157 0.770952
404 0.221052 0.43154 0.474196 0.413991
405 0.508431 0.693057 0.361737 0.545378
406 0.0611207 0.274484 0.902656 0.546352
407 0.790845 0.40939 0.160299 0.369708
408 0.194984 0.985981 0.837892 0.30108
409 0.052298 0.231382 0.584659 0.479107
410 0.558933 0.514457 0.966929 0.16492
411 0.882913 0.00430882 0.539641 0.67756
412 0.267088 0.395739 0.535488 0.58108
413 0.656304 0.335654 0.356159 0.388442
414 0.534038 0.452276 0.317562 0.100934
415 0.297487 0.692764 0.69994 0.109626
416 0.978581 0.0861057 0.341579 0.749348
417 0.194104 0.281755 0.750018 0.509457
418 0.357396 0.915576 0.425896 0.312612
419 0.397445 0.957667 0.805215 0.290559
420 0.168105 0.505812 0.998226 0.929843
421 0.431622 0.415874 0.74242 0.964028
422 0.0767875 0.942933 0.470485 0.415582
423 0.576127 0.914738 0.141131 0.817241
424 0.765672 0.00202596 0.61242 0.16321
425 0.408895 0.779515 0.404338 0.624091
426 0.562317 0.658859 0.914247 0.275653
427 0.693848 0.937513 0.84644 0.0371037
428 0.102235 0.695353 0.850417 0.741743
429 0.368777 0.734496 0.48454 0.116526
430 0.29255 0.148801 0.253485 0.0234683
431 0.436305 0.282341 0.160052 0.0920725
432 0.984879 0.354836 0.678949 0.34122
433 0.98253 0.587945 0.633221 0.218667
434 0.0312691 0.334148 0.688787 0.241024
435 0.344845 0.713381 0.433733 0.478138
436 0.787647 0.272955 0.40331 0.699612
437 0.622281 0.217303 0.516265 0.89443
438 0.644857 0.847223 0.4678 0.0700708
439 0.268616 0.127606 0.16042 0.370552
440 0.807983 0.140629 0.752316 0.592673
441 0.430359 0.695325 0.0701208 0.221074
442 0.310304 0.906288 0.649877 0.992386
443 0.988589 0.1798 0.268173 0.964645
444 0.138802 0.922213 0.760145 0.856398
445 0.93551 0.915076 0.147318 0.456584
446 0.363841 0.190542 0.0425995 0.0319212
447 0.763458 0.907562 0.929739 0.0822748
448 0.306184 0.7305 0.195041 0.206358
449 0.965975 0.214936 0.802592 0.497675
450 0.0401982 0.715122 0.06018 0.128829
451 0.547413 0.356302 0.137754 0.293895
452 0.922697 0.70172 0.284906 0.603915
453 0.609459 0.00359643 0.469648 0.978432
454 0.352487 0.706102 0.253731 0.435356
455 0.629787 0.204243 0.295557 0.806252
456 0.606341 0.870541 0.489758 0.919304
457 0.969962 0.38506 0.27854 0.25956
458 0.362707 0.475494 0.263417 0.283623
459 0.44658 0.387419 0.0736366 0.3657
460 0.415119 0.0450691 0.0710686 0.641596
461 0.471492 0.783645 0.763682 0.558272
462 0.0928808 0.296247 0.942474 0.575267
463 0.31386 0.724678 0.781706 0.427156
464 0.0472308 0.681847 0.207971 0.385533
465 0.458648 0.568978 0.212475 0.468795
466 0.32681 0.277248 0.403111 0.342969
467 0.833032 0.542681 0.506392 0.83866
468 0.056895 0.760855 0.41035 0.945241
469 0.844086 0.681003 0.904572 0.123503
470 0.552461 0.238321 0.734284 0.23385
471 0.71799 0.3009 0.26456 0.291577
472 0.335793 0.660511 0.978799 0.644811
473 0.552851 0.254972 0.491755 0.244674
474 0.294966 0.585227 0.141342 0.664746
475 0.79414 0.21662 0.422256 0.786413
476 0.110141 0.0326713 0.261459 0.735766
477 0.513589 0.246451 0.768447 0.336874
478 0.0902656 0.184667 0.257551 0.399356
479 0.919295 0.889938 0.629281 0.364265
480 0.703382 0.677628 0.457729 0.591392
481 0.946633 0.0563213 0.0828419 0.269966
482 0.349358 0.239276 0.377493 0.297264
483 0.576455 0.928766 0.519381 0.353888
484 0.31451 0.419112 0.718849 0.447955
485 0.698963 0.155772 0.638663 0.502739
486 0.363187 0.162629 0.36234 0.984839
487 0.888449 0.573826 0.426071 0.384389
488 0.0620146 0.97929 0.295365 0.442778
489 0.376046 0.711309 0.937548 0.197168
490 0.698146 0.454238 0.967002 0.198011
491 0.804461 0.323652 0.364081 0.413551
492 0.543448 0.85377 0.481463 0.699209
493 0.0205409 0.209746 0.612053 0.473299
494 0.232216 0.574552 0.33915 0.546911
495 0.208428 0.559593 0.526421 0.0217765
496 0.160623 0.186592 0.10618 0.208457
497 0.0878878 0.0832149 0.899288 0.0547529
498 0.0817177 0.819957 0.440113 0.452406
499 0.699316 0.170809 0.547084 0.221658
500 0.460435 0.645239 0.321488 0.258297
501 0.468769 0.334155 0.00517459 0.554861
502 0.668698 0.197778 0.137655 0.00448638
503 0.793264 0.179272 0.779359 0.0331735
504 0.741304 0.295628 0.43726 0.158664
505 0.308445 0.160321 0.609328 0.65342
506 0.178936 0.301277 0.720622 0.492548
507 0.297612 0.364767 0.839783 0.0745055
508 0.175245 0.477114 0.553102 0.0141048
509 0.372964 0.57978 0.760564 0.41408
510 0.660578 0.184652 0.585463 0.357534
511 0.606794 0.889893 0.667705 0.418488
512 0.695566 0.677491 0.737064 0.293123
513 0.712248 0.0559093 0.413034 0.992345
514 0.0133916 0.23804 0.844632 0.315964
515 0.670119 0.925058 0.350486 0.964677
516 0.900187 0.407988 0.501226 0.944384
517 0.370056 0.122401 0.852982 0.984214
518 0.118653 0.0625166 0.606859 0.405828
519 0.38141 0.273487 0.964316 0.577043
520 0.220585 0.0782741 0.324162 0.809803
521 0.890819 0.00825989 0.266127 0.665431
522 0.359651 0.345092 0.679301 0.704363
523 0.140536 0.996214 0.680663 0.237295
524 0.606362 0.871455 0.970273 0.084505
525 0.373347 0.262801 0.695669 0.371374
526 0.782821 0.733716 0.44156 0.467698
527 0.336807 0.0370866 0.388339 0.463824
528 0.975447 0.619072 0.355996 0.573663
529 0.821422 0.380654 0.640926 0.267557
530 0.149506 0.712276 0.641589 0.442382
531 0.504244 0.847765 0.0811992 0.246273
532 0.679909 0.676108 0.712897 0.496205
533 0.541252 0.426761 0.546588 0.76077
534 0.128334 0.475595 0.863459 0.098777
535 0.898736 0.0127221 0.26146 0.745733
536 0.237406 0.795979 0.797623 0.585404
537 0.335813 0.661374 0.432604 0.800829
538 0.878229 0.804435 0.417013 0.536337
539 0.247053 0.874243 0.608644 0.0105622
540 0.578255 0.00554121 0.898746 0.236337
541 0.246056 0.165061 0.914683 0.322965
542 0.272043 0.940496 0.399383 0.810753
543 0.417752 0.157425 0.164152 0.957834
544 0.0581271 0.480088 0.390468 0.450222
545 0.588993 0.4637 0.865434 0.0808287
546 0.0108144 0.461414 0.678394 0.432977
547 0.76395 0.595179 0.28146 0.870403
548 0.486368 0.418349 0.583209 0.325625
549 0.0426598 0.153484 0.96612 0.120124
550 0.878651 0.155763 0.547836 0.79012
551 0.887966 0.553227 0.591932 0.659605
552 0.419941 0.917492 0.621071 0.846552
553 0.527951 0.525914 0.399042 0.142865
554 0.388236 0.898055 0.804608 0.238227
555 0.577854 0.655104 0.236274 0.143574
556 0.973003 0.848124 0.176169 0.717405
557 0.637331 0.192809 0.930545 0.0122617
558 0.0669627 0.52374 0.997751 0.616924
559 0.665793 0.407158 0.611601 0.59119
560 0.392093 0.729287 0.689843 0.994822
561 0.360421 0.711297 0.634654 0.648224
562 0.633692 0.704204 0.599336 0.935943
563 0.558364 0.823549 0.884129 0.781646
564 0.646956 0.603461 0.910748 0.266384
565 0.856457 0.20882 0.507329 0.563496
566 0.316135 0.821771 0.847244 0.983519
567 0.188701 0.0512506 0.517501 0.829645
568 0.28699 0.911564 0.479809 0.126204
569 0.0236281 0.00813019 0.221349 0.290416
570 0.55886 0.844703 0.00981197 0.606662
571 0.140509 0.995047 0.0667284 0.026224
572 0.813311 0.367953 0.312063 0.697386
573 0.615288 0.252296 0.27182 0.948297
574 0.371927 0.202199 0.822357 0.41331
575 0.693966 0.942536 0.487763 0.945192
576 0.816455 0.835419 0.525363 0.95136
577 0.65304 0.529695 0.762307 0.201432
578 0.570142 0.659397 0.845576 0.646349
579 0.543495 0.189127 0.212693 0.0652066
580 0.129692 0.200194 0.665971 0.574099
581 0.886696 0.499019 0.0815926 0.857733
582 0.152946 0.192369 0.495815 0.979511
583 0.937415 0.663044 0.240559 0.157465
584 0.247975 0.246945 0.981015 0.129196
585 0.0511157 0.514272 0.721059 0.357985
586 0.0749171 0.863128 0.497223 0.985149
587 0.989461 0.550322 0.493805 0.689029
588 0.26251 0.533778 0.487824 0.267831
589 0.669916 0.24977 0.482697 0.405728
590 0.656905 0.694623 0.50577 0.0238864
591 0.912183 0.919808 0.690346 0.491764
592 0.560951 0.267235 0.590142 0.735608
593 0.156058 0.325143 0.327739 0.987768
594 0.887791 0.545741 0.655152 0.306138
595 0.922223 0.348162 0.981263 0.946916
596 0.543218 0.177298 0.991213 0.926258
597 0.959305 0.930331 0.115912 0.0353053
598 0.866867 0.986307 0.774556 0.875508
599 0.567458 0.544857 0.604124 0.935302
600 0.602946 0.392384 0.65374 0.732235
601 0.510561 0.450589 0.48533 0.975698
602 0.636846 0.17208 0.028316 0.264069
603 0.226028 0.977179 0.801928 0.803132
604 0.624555 0.314349 0.556724 0.442171
605 0.713082 0.0914832 0.122991 0.42484
606 0.657494 0.719762 0.727433 0.569502
607 0.527232 0.495224 0.257679 0.593455
608 0.245941 0.493485 0.999171 0.435211
609 0.73056 0.503892 0.675919 0.27017
610 0.16989 0.581989 0.0629746 0.704127
611 0.444302 0.956904 0.294576 0.793229
612 0.136801 0.503523 0.200683 0.422228
613 0.822086 0.409007 0.552915 0.394308
614 0.701305 0.922334 0.511346 0.565798
615 0.809053 0.85294 0.0918377 0.846015
616 0.542577 0.816632 0.948914 0.983907
617 0.973984 0.223333 0.866944 0.289307
618 0.96071 0.99031 0.661441 0.880677
619 0.998403 0.931868 0.166146 0.6803
620 0.344025 0.678416 0.0439092 0.155706
621 0.0785239 0.683684 0.768141 0.811539
622 0.374915 0.996366 0.213665 0.467882
623 0.542774 0.825035 0.368716 0.503438
624 0.882412 0.982918 0.289315 0.809691
625 0.409504 0.472192 0.417445 0.327205
626 0.515318 0.986888 0.900832 0.676011
627 0.406366 0.671602 0.647993 0.111225
628 0.800335 0.14762 0.780464 0.583248
629 0.144718 0.841296 0.850853 0.498463
630 0.665294 0.719201 0.0809415 0.741543
631 0.689302 0.743542 0.827969 0.963092
632 0.148167 0.988438 0.239338 0.10467
633 0.685283 0.238752 0.984311 0.960189
634 0.778201 0.536567 0.751822 0.819104
635 0.501656 0.0706388 0.652133 0.272926
636 0.00612646 0.594729 0.146402 0.265615
637 0.521858 0.932624 0.00921188 0.13736
638 0.0760121 0.243184 0.737658 0.433625
639 0.759347 0.0654908 0.343039 0.365512
640 0.871975 0.204285 0.419314 0.290445
641 0.397726 0.636293 0.428536 0.45306
642 0.538575 0.97919 0.797387 0.104358
643 0.651918 0.148508 0.927499 0.54861
644 0.064336 0.0783371 0.388517 0.352434
645 0.518753 0.133449 0.983604 0.177114
646 0.533492 0.0956587 0.404974 0.890779
647 0.532178 0.372913 0.577409 0.750644
648 0.391638 0.376553 0.819691 0.486858
649 0.560229 0.903096 0.721463 0.165346
650 0.836631 0.0296015 0.951559 0.610357
651 0.977728 0.0497419 0.216188 0.174027
652 0.336688 0.0320381 0.733097 0.55095
653 0.220575 0.744552 0.452892 0.73946
654 0.293257 0.178968 0.119481 0.478207
655 0.774363 0.372841 0.640852 0.214101
656 0.00686724 0.626336 0.769784 0.980744
657 0.0719323 0.402444 0.851038 0.957551
658 0.369789 0.777645 0.178175 0.918612
659 0.571341 0.043871 0.409708 0.893714
660 0.0999475 0.264426 0.854673 0.094776
661 0.457618 0.191714 0.440668 0.525234
662 0.846183 0.770456 0.951948 0.298419
663 0.958531 0.897305 0.745677 0.063408
664 0.13554 0.449726 0.906525 0.694679
665 0.186468 0.622617 0.728058 0.597405
666 0.898941 0.688163 0.209626 0.332315
667 0.71544 0.525427 0.705234 0.617246
668 0.202166 0.959093 0.344768 0.71264
669 0.77404 0.0257179 0.721498 0.720623
670 0.824745 0.522466 0.226077 0.909977
671 0.982109 0.903336 0.862985 0.974254
672 0.469949 0.71782 0.143214 0.655734
673 0.980709 0.176896 0.0924223 0.166116
674 0.654711 0.601001 0.265609 0.0950896
675 0.101889 0.0139409 0.761854 0.0754909
676 0.718937 0.674635 0.180644 0.597139
677 0.396617 0.922343 0.227174 0.903417
678 0.909274 0.462343 0.737246 0.0462495
679 0.886085 0.472965 0.378914 0.146744
680 0.133048 0.676709 0.638268 0.464219
681 0.823521 0.803563 0.41938 0.464618
682 0.743695 0.731002 0.771874 0.609736
683 0.0504831 0.153944 0.856821 0.476852
684 0.60964 0.344645 0.194059 0.373487
685 0.203493 0.682372 0.452966 0.949257
686 0.734198 0.992429 0.971265 0.334159
687 0.573747 0.813225 0.750893 0.461645
688 0.834707 0.947487 0.76397 0.762438
689 0.844513 0.365899 0.825784 0.419821
690 0.554719 0.66801 0.0789765 0.656985
691 0.727695 0.714968 0.0418001 0.163522
692 0.373696 0.277716 0.540012 0.0682637
693 0.692928 0.231586 0.863872 0.937885
694 0.794299 0.890069 0.323123 0.0129333
695 0.529441 0.256146 0.163888 0.636639
696 0.027959 0.526249 0.075222 0.703436
697 0.402786 0.852185 0.976337 0.490862
698 0.165083 0.376869 0.181027 0.614249
699 0.365427 0.591543 0.299122 0.267735
700 0.706815 0.157442 0.165494 0.0781681
701 0.952049 0.620765 0.300864 0.0593944
702 0.35096 0.307607 0.315739 0.652854
703 0.537315 0.258759 0.186656 0.382573
704 0.0652521 0.784088 0.278292 0.419751
705 0.555681 0.375703 0.989845 0.0753547
706 0.746815 0.197421 0.434439 0.674367
707 0.479763 0.803202 0.698031 0.368012
708 0.157244 0.0424179 0.278237 0.138765
709 0.625602 0.0256912 0.387141 0.520482
710 0.338415 0.772386 0.81871 0.874007
711 0.400073 0.403095 0.427992 0.559705
712 0.354698 0.467099 0.199566 0.492164
713 0.527533 0.174733 0.345463 0.915639
714 0.972918 0.844512 0.276683 0.0643608
715 0.0897142 0.494475 0.550936 0.145414
716 0.782021 0.366236 0.815468 0.293237
717 0.884699 0.747146 0.934379 0.450694
718 0.270002 0.18675 0.267065 0.0650351
719 0.657723 0.396187 0.192981 0.33396
720 0.516321 0.696373 0.754296 0.418446
721 0.178419 0.612558 0.788949 0.505032
722 0.423625 0.407985 0.945034 0.264179
723 0.935974 0.934893 0.569659 0.039791
724 0.803222 0.937491 0.912653 0.861133
725 0.395568 0.21091 0.348981 0.80868
726 0.144407 0.828042 0.880013 0.101883
727 0.30633 0.0700647 0.139244 0.333177
728 0.538313 0.968006 0.915352 0.0821113
729 0.472909 0.177457 0.238914 0.494076
730 0.992641 0.352683 0.195319 0.225452
731 0.699664 0.518988 0.0216874 0.906032
732 0.264213 0.939776 0.372252 0.407121
733 0.288307 0.967765 0.0383265 0.28844
734 0.35192 0.348607 0.879689 0.0665528
735 0.51676 0.38176 0.933195 0.803357
736 0.933276 0.153092 0.681971 0.221168
737 0.948814 0.482713 0.693069 0.0967911
738 0.293401 0.518451 0.020673 0.590239
739 0.221085 0.766291 0.886421 0.670314
740 0.685899 0.931685 0.132468 0.709734
741 0.125629 0.693492 0.817021 0.225575
742 0.580683 0.775789 0.709912 0.965849
743 0.353437 0.413303 0.906286 0.764917
744 0.894478 0.497723 0.0485075 0.896863
745 0.185936 0.266606 0.134475 0.496924
746 0.0653156 0.120132 0.370284 0.909779
747 0.718469 0.321333 0.0114243 0.986355
748 0.722972 0.846812 0.735994 0.730123
749 0.871614 0.188872 0.313146 0.503539
750 0.722936 0.51193 0.254928 0.450132
751 0.493087 0.371727 0.711255 0.168937
752 0.452101 0.622994 0.973183 0.962438
753 0.274822 0.392419 0.437798 0.254198
754 0.580021 0.747569 0.868144 0.86324
755 0.00672607 0.953646 0.268677 0.891661
756 0.820166 0.99375 0.798767 0.580806
757 0.860461 0.379687 0.374511 0.459887
758 0.781274 0.334375 0.0581635 0.532066
759 0.943494 0.589062 0.978385 0.0534114
760 0.629492 0.524998 0.346836 0.531877
761 0.28551 0.848432 0.275554 0.710561
762 0.0476314 0.365608 0.531801 0.476471
763 0.716198 0.55776 0.710821 0.463777
764 0.868502 0.0560936 0.478715 0.49442
765 0.765236 0.316718 0.474901 0.792525
766 0.774894 0.395467 0.540975 0.305371
767 0.762242 0.522339 0.971741 0.699499
768 0.59941 0.574829 0.961672 0.448655
769 0.73628 0.747926 0.0243594 0.396441
770 0.0229865 0.31409 0.491108 0.340751
771 0.511403 0.153208 0.727413 0.476538
772 0.861541 0.0924362 0.944508 0.792467
773 0.566619 0.175746 0.120329 0.465962
774 0.645841 0.222551 0.221399 0.663571
775 0.775475 0.75359 0.245434 0.787771
776 0.840279 0.518582 0.480015 0.754489
777 0.0624027 0.329183 0.671184 0.436989
778 0.811903 0.307861 0.706971 0.831536
779 0.309793 0.88452 0.201176 0.0563154
780 0.551634 0.536372 0.84431 0.854066
781 0.521661 0.257552 0.255282 0.617556
782 0.165265 0.717969 0.932899 0.0187454
783 0.296637 0.989845 0.299858 0.554466
784 0.292438 0.477349 0.403053 0.158088
785 0.0848941 0.955484 0.719597 0.958335
786 0.877424 0.436763 0.690103 0.327215
787 0.500498 0.021227 0.664242 0.338273
788 0.106168 0.196494 0.774526 0.0847047
789 0.132529 0.987918 0.668976 0.46377
790 0.839666 0.159067 0.043123 0.0202772
791 0.84523 0.0631372 0.237951 0.947733
792 0.514388 0.947224 0.0395962 0.503906
793 0.47926 0.11511 0.0960225 0.493835
794 0.24607 0.165641 0.219769 0.427854
795 0.163075 0.957861 0.454413 0.122612
796 0.763822 0.256396 0.748553 0.884988
797 0.115257 0.917625 0.401603 0.206416
798 0.817145 0.198186 0.672644 0.273605
799 0.865559 0.930496 0.421436 0.783888
800 0.839046 0.799302 0.474817 0.240885
801 0.24425 0.421342 0.0559829 0.39032
802 0.914086 0.334339 0.062541 0.17395
803 0.286265 0.213953 0.8714 0.530823
804 0.490813 0.274672 0.66553 0.619386
805 0.368495 0.722453 0.150581 0.938908
806 0.793656 0.862672 0.913717 0.0589711
807 0.445483 0.673954 0.127078 0.903659
808 0.529992 0.279675 0.539009 0.891213
809 0.170605 0.612462 0.0903537 0.21435
810 0.253696 0.157699 0.691044 0.26518
811 0.986735 0.434034 0.333081 0.661935
812 0.637146 0.184916 0.779088 0.584988
813 0.942262 0.203185 0.676804 0.552511
814 0.919255 0.554868 0.0490273 0.0501736
815 0.0351689 0.500542 0.202929 0.328438
816 0.937721 0.00943792 0.776329 0.519067
817 0.309807 0.551751 0.831612 0.15846
818 0.419349 0.225566 0.0027088 0.279151
819 0.727835 0.387636 0.531747 0.248768
820 0.592868 0.295721 0.166103 0.980251
821 0.00669379 0.285602 0.210894 0.642595
822 0.704347 0.0521177 0.770438 0.0333148
823 0.165835 0.742291 0.724583 0.416534
824 0.655891 0.984684 0.413555 0.199369
825 0.442832 0.227491 0.960085 0.447411
826 0.753972 0.502784 0.0385204 0.890147
827 0.538343 0.96929 0.590354 0.314177
828 0.444313 0.290682 0.195439 0.873746
829 0.820793 0.0204841 0.859449 0.414877
830 0.92594 0.506765 0.397743 0.625551
831 0.168505 0.856232 0.651419 0.0194157
832 0.677574 0.576508 0.328829 0.486531
833 0.548898 0.752961 0.110205 0.744444
834 0.195216 0.329196 0.701769 0.087884
835 0.231215 0.198527 0.21877 0.827312
836 0.630353 0.228392 0.996704 0.172914
837 0.701178 0.583614 0.0112925 0.591678
838 0.533894 0.446153 0.097415 0.993845
839 0.892759 0.424397 0.482858 0.63797
840 0.551508 0.531002 0.0204119 0.883208
841 0.274214 0.366445 0.776751 0.557521
842 0.68171 0.419647 0.476798 0.396258
843 0.622341 0.219877 0.870031 0.359856
844 0.598651 0.542445 0.929 0.592812
845 0.990838 0.275771 0.743727 0.31817
846 0.557171 0.772626 0.101358 0.573713
847 0.42548 0.153816 0.914609 0.578744
848 0.538342 0.969262 0.575432 0.309047
849 0.400732 0.431222 0.221107 0.645586
850 0.559312 0.863979 0.147758 0.0920939
851 0.749286 0.302874 0.896581 0.742285
852 0.461909 0.0414337 0.0496686 0.624866
853 0.0278767 0.522739 0.228779 0.0686277
854 0.0100827 0.763528 0.925655 0.787975
855 0.809606 0.876522 0.494921 0.110203
856 0.766892 0.387379 0.638633 0.569438
857 0.314896 0.435575 0.377508 0.424807
858 0.987352 0.127036 0.517352 0.423896
859 0.090048 0.842047 0.706535 0.720113
860 0.654116 0.908953 0.583044 0.505616
861 0.114265 0.875297 0.139453 0.552675
862 0.798544 0.0712026 0.589318 0.765508
863 0.76288 0.549545 0.280831 0.618972
864 0.390386 0.656449 0.381128 0.824263
865 0.476393 0.992784 0.75929 0.374828
866 0.344891 0.0486635 0.125588 0.830599
867 0.781803 0.356928 0.919916 0.610143
868 0.586803 0.703596 0.389204 0.185472
869 0.484591 0.00922692 0.0559794 0.621539
870 0.62632 0.722993 0.833038 0.0599912
871 0.3966 0.254917 0.494415 0.766094
872 0.742716 0.0225643 0.469146 0.0566448
873 0.886901 0.84113 0.365141 0.44502
874 0.636962 0.843704 0.968531 0.160316
875 0.839657 0.492048 0.524915 0.956717
876 0.305288 0.358958 0.432717 0.297459
877 0.274812 0.72531 0.872066 0.174299
878 0.901279 0.121244 0.337939 0.368661
879 0.934367 0.199669 0.179039 0.643274
880 0.494691 0.10682 0.0327833 0.5417
881 0.558841 0.843896 0.585349 0.460732
882 0.900828 0.102001 0.217047 0.889092
883 0.375397 0.0169393 0.0341362 0.187966
884 0.144929 0.18363 0.251395 0.125972
885 0.491 0.949329 0.201147 0.0641336
886 0.64164 0.0432981 0.944321 0.251056
887 0.43084 0.715832 0.855607 0.929131
888 0.810281 0.905308 0.634753 0.315286
889 0.984126 0.989362 0.108057 0.529537
890 0.612228 0.788398 0.93556 0.339649
891 0.816237 0.826132 0.640846 0.272061
892 0.387372 0.861208 0.425041 0.57552
893 0.978095 0.732062 0.782631 0.0045751
894 0.382223 0.6415 0.870416 0.847771
895 0.490479 0.260437 0.178813 0.0454484
896 0.50287 0.789124 0.239137 0.642754
897 0.60291 0.390809 0.825505 0.447488
898 0.0916267 0.24274 0.800796 0.900141
899 0.123574 0.939158 0.375228 0.373459
900 0.916804 0.450285 0.044201 0.139481
901 0.388655 0.249293 0.888157 0.475756
902 0.0806998 0.443193 0.931134 0.599205
903 0.986301 0.415516 0.59339 0.313424
904 0.191508 0.504361 0.180133 0.487696
905 0.27234 0.286519 0.740289 0.105361
906 0.910466 0.17987 0.820538 0.242901
907 0.0117316 0.500548 0.260626 0.50916
908 0.876198 0.384455 0.178912 0.868851
909 0.151605 0.801803 0.727838 0.630662
910 0.023845 0.350721 0.756816 0.964313
911 0.778627 0.8881 0.990359 0.109919
912 0.457159 0.172112 0.130806 0.980697
913 0.735307 0.0397731 0.871604 0.894911
914 0.297413 0.689632 0.0523729 0.543191
915 0.166715 0.779833 0.469802 0.204952
916 0.32357 0.472311 0.347455 0.340991
917 0.440985 0.815372 0.856513 0.201378
918 0.733783 0.641427 0.0119831 0.139353
919 0.433833 0.51022 0.363281 0.0237094
920 0.998949 0.288472 0.0718376 0.888084
921 0.0891918 0.138852 0.161497 0.115118
922 0.544614 0.236869 0.322441 0.697953
923 0.464958 0.171545 0.481179 0.15166
924 0.888221 0.897448 0.985102 0.62838
925 0.144706 0.840781 0.58 0.405343
926 0.874242 0.967656 0.614084 0.776637
927 0.943099 0.238907 0.464506 0.0117347
928 0.790419 0.724533 0.260278 0.0806753
929 0.254618 0.197038 0.381116 0.378439
930 0.41394 0.661426 0.944189 0.544559
931 0.192075 0.195215 0.235095 0.8614
932 0.426995 0.218459 0.912867 0.267365
933 0.833292 0.553813 0.361341 0.851595
934 0.156799 0.356752 0.952249 0.703284
935 0.441161 0.156193 0.461423 0.555349
936 0.235775 0.726391 0.198295 0.0025331
937 0.444202 0.952611 0.0369618 0.0170598
938 0.543238 0.178146 0.437118 0.0795606
939 0.26161 0.495375 0.290053 0.323826
940 0.680522 0.368937 0.806256 0.22691
941 0.728639 0.755248 0.227057 0.447026
942 0.247134 0.211057 0.106038 0.639967
943 0.925057 0.469109 0.59271 0.816569
944 0.326136 0.915139 0.601921 0.139711
945 0.631301 0.268853 0.277136 0.489139
946 0.852583 0.376872 0.245533 0.677439
947 0.433786 0.841555 0.978969 0.662382
948 0.929472 0.657477 0.664019 0.877345
949 0.672755 0.370868 0.173394 0.302628
950 0.671279 0.307916 0.0641881 0.919663
951 0.972883 0.509686 0.824583 0.794328
952 0.795786 0.286869 0.369807 0.489003
953 0.0187667 0.134046 0.797593 0.785064
954 0.950526 0.22245 0.457294 0.309355
955 0.534257 0.128286 0.565423 0.790552
956 0.650805 0.767672 0.276897 0.959118
957 0.0965184 0.451453 0.572574 0.639744
958 0.721867 0.799672 0.94337 0.206404
959 0.462538 0.734955 0.50705 0.480722
960 0.278422 0.212677 0.551973 0.0266991
961 0.507691 0.66147 0.748387 0.833698
962 0.540345 0.0547212 0.522565 0.761899
963 0.672854 0.375101 0.39991 0.0681053
964 0.174018 0.758116 0.696373 0.551545
965 0.988425 0.172786 0.579048 0.696321
966 0.364383 0.21367 0.206931 0.214026
967 0.290475 0.726948 0.0301548 0.0172596
968 0.463406 0.438656 0.318553 0.177328
969 0.166158 0.0894061 0.639924 0.908632
970 0.826294 0.588531 0.972567 0.855841
971 0.462341 0.72653 0.0760876 0.957354
972 0.3374 0.0624031 0.703421 0.0415574
973 0.863335 0.835647 0.53574 0.633156
974 0.143412 0.452253 0.883649 0.42492
975 0.0904538 0.192696 0.480232 0.851116
976 0.252013 0.0858997 0.92855 0.282413
977 0.697995 0.781137 0.249213 0.0344324
978 0.919853 0.913722 0.138324 0.664882
979 0.237159 0.452105 0.587029 0.679398
980 0.144276 0.489127 0.277261 0.0924555
981 0.73123 0.865817 0.380305 0.440147
982 0.0888929 0.792764 0.786483 0.808784
983 0.952287 0.96423 0.296155 0.891379
984 0.913684 0.650502 0.698584 0.0692167
985 0.911522 0.224942 0.526112 0.392892
986 0.24598 0.495139 0.869413 0.7344
987 0.27218 0.946356 0.48147 0.870377
988 0.419263 0.22188 0.0641 0.612656
989 0.065955 0.814078 0.0513699 0.842545
990 0.622364 0.887548 0.731319 0.541367
991 0.140592 0.998581 0.925586 0.6653
992 0.242271 0.00355566 0.971643 0.119497
993 0.188299 0.0341045 0.499584 0.72928
994 0.949358 0.172626 0.25272 0.300207
995 0.00145661 0.728815 0.020062 0.237717
996 0.464514 0.819258 0.845892 0.724442
997 0.773974 0.356212 0.894792 0.207201
998 0.463218 0.763948 0.755725 0.723225
999 0.813542 0.377781 0.481226 0.474547
1000 0.712293 0.391156 0.0858296 0.338253
1001 0.951881 0.946904 0.183941 0.758594
1002 0.300649 0.161025 0.331182 0.507289
1003 0.236969 0.444014 0.331619 0.216386
1004 0.715973 0.214854 0.00907963 0.732716
1005 0.163117 0.292998 0.0699025 0.448818
1006 0.534945 0.824308 0.337698 0.0984689
1007 0.741614 0.308861 0.397067 0.551449
1008 0.635181 0.434395 0.343116 0.422475
1009 0.136561 0.826623 0.485098 0.571807
1010 0.102739 0.0501817 0.822542 0.628567
1011 0.387379 0.861483 0.569371 0.625141
1012 0.399623 0.717261 0.0133502 0.0937447
1013 0.911333 0.55022 0.955761 0.936202
1014 0.87139 0.845971 0.614414 0.773512
1015 0.0263403 0.123852 0.0846363 0.215251
1016 0.315532 0.129368 0.978091 0.329896
1017 0.65613 0.661542 0.106819 0.0421167
1018 0.0969908 0.804939 0.838097 0.283638
1019 0.676775 0.875754 0.0672098 0.322776
1020 0.187736 0.0100731 0.860382 0.383915
1021 0.0354373 0.178657 0.557402 0.39851
1022 0.522999 0.981283 0.600979 0.935825
1023 0.819057 0.279785 0.589254 0.0283609
1024 0.207356 0.847168 0.12671 0.747742
1025 0.872616 0.564942 0.456974 0.231201
1026 0.369495 0.76514 0.601451 0.65753
1027 0.36343 0.506357 0.495942 0.864375
1028 0.855122 0.151884 0.562595 0.268479
1029 0.859862 0.354091 0.912089 0.831498
1030 0.463068 0.757585 0.40918 0.572681
1031 0.0396569 0.358692 0.246278 0.952602
1032 0.0703255 0.333889 0.795047 0.561479
1033 0.0650415 0.775106 0.55378 0.795461
1034 0.757319 0.645629 0.167259 0.719452
1035 0.958543 0.897825 0.0195397 0.157562
1036 0.935382 0.576289 0.611903 0.470306
1037 0.985406 0.377303 0.495559 0.403778
1038 0.493997 0.0772222 0.466231 0.18991
1039 0.0953345 0.0676042 0.337354 0.50546
1040 0.12603 0.710625 0.82804 0.323569
1041 0.898171 0.655313 0.932058 0.392277
1042 0.254756 0.53625 0.139985 0.44154
1043 0.444993 0.319689 0.451387 0.11875
1044 0.377153 0.0918792 0.44846 0.738634
1045 0.257986 0.674075 0.628278 0.363059
1046 0.153536 0.217538 0.733529 0.530645
1047 0.599341 0.238552 0.746668 0.916336
1048 0.214222 0.473469 0.878249 0.722213
1049 0.891262 0.693845 0.54948 0.0862543
1050 0.419575 0.901847 0.392643 0.0176129
1051 0.496089 0.166479 0.410533 0.329389
1052 0.200365 0.88225 0.929414 0.817818
1053 0.737387 0.795188 0.881688 0.942405
1054 0.621036 0.830877 0.925397 0.294073
1055 0.0897321 0.828568 0.617195 0.282794
1056 0.949067 0.493515 0.374597 0.0501038
1057 0.886812 0.503984 0.692821 0.755475
1058 0.779272 0.582263 0.785555 0.081916
1059 0.694322 0.957728 0.477941 0.69222
1060 0.152484 0.505995 0.797655 0.416077
1061 0.66601 0.416423 0.484455 0.26648
1062 0.623701 0.944581 0.727842 0.85419
1063 0.748118 0.919682 0.00694992 0.726814
1064 0.875395 0.0168575 0.491126 0.673179
1065 0.519313 0.82401 0.884205 0.497748
1066 0.237321 0.792343 0.885097 0.927876
1067 0.750109 0.337965 0.352739 0.0875231
1068 0.364767 0.896708 0.150563 0.174251
1069 0.437623 0.338561 0.728727 0.2578
1070 0.342836 0.960996 0.0172957 0.97854
1071 0.118412 0.718926 0.545234 0.551038
1072 0.624951 0.664589 0.115745 0.499367
1073 0.683997 0.517205 0.787358 0.0368594
1074 0.47942 0.121929 0.682449 0.72685
1075 0.720548 0.0767232 0.00846685 0.0293662
1076 0.00850739 0.362982 0.908762 0.634546
1077 0.566111 0.487384 0.376373 0.542983
1078 0.320097 0.657464 0.0793739 0.546978
1079 0.825586 0.558331 0.0888909 0.395024
1080 0.0726439 0.432804 0.81898 0.447339
1081 0.00559026 0.571851 0.113861 0.12882
1082 0.379747 0.535865 0.312346 0.746873
1083 0.228169 0.0685331 0.849331 0.321857
1084 0.951291 0.588412 0.28487 0.209285
1085 0.654227 0.913673 0.065241 0.358996
1086 0.363742 0.18633 0.82762 0.27041
1087 0.294412 0.894928 0.378551 0.391491
1088 0.492795 0.692597 0.822724 0.915256
1089 0.30706 0.101228 0.529391 0.968119
1090 0.407203 0.373996 0.771828 0.571411
1091 0.679678 0.332926 0.86645 0.715393
1092 0.41324 0.63159 0.252242 0.149658
1093 0.362341 0.793208 0.715406 0.459412
1094 0.454881 0.0749372 0.0222569 0.409547
1095 0.468221 0.310749 0.694883 0.322575
1096 0.715392 0.19006 0.968989 0.249525
1097 0.078366 0.343618 0.559982 0.593972
1098 0.0316679 0.351165 0.63899 0.318109
1099 0.484713 0.014433 0.794108 0.562909
1100 0.623268 0.926112 0.0137313 0.514473
1101 0.37719 0.426772 0.93542 0.0206517
1102 0.653726 0.225629 0.488938 0.493657
1103 0.527644 0.512825 0.514849 0.776076
1104 0.282335 0.0462879 0.688651 0.213542
1105 0.94521 0.662301 0.498265 0.296569
1106 0.130247 0.557216 0.791731 0.857542
1107 0.274592 0.382586 0.266001 0.476131
1108 0.475326 0.280569 0.470429 0.138903
1109 0.380628 0.240146 0.428559 0.548239
1110 0.00583789 0.91575 0.337496 0.0393094
1111 0.609372 0.333187 0.167945 0.301705
1112 0.603688 0.757374 0.970206 0.456446
1113 0.137787 0.54556 0.309726 0.0233301
1114 0.393523 0.456993 0.126504 0.0319654
1115 0.121061 0.831915 0.971493 0.981822
1116 0.184654 0.878558 0.690419 0.603241
1117 0.0183776 0.78411 0.399078 0.783049
1118 0.448382 0.797643 0.180694 0.269131
1119 0.524895 0.728867 0.49246 0.567341
1120 0.113932 0.194413 0.328515 0.98187
1121 0.959531 0.606675 0.538951 0.785149
1122 0.731805 0.890338 0.277069 0.874062
1123 0.755046 0.881952 0.811858 0.178034
1124 0.944031 0.27867 0.37753 0.201645
1125 0.868776 0.734447 0.958458 0.607559
1126 0.716375 0.898652 0.352973 0.830552
1127 0.479263 0.781895 0.491719 0.515275
1128 0.428207 0.603497 0.773558 0.616687
1129 0.255873 0.583928 0.215877 0.0626471
1130 0.681377 0.0720972 0.333238 0.825698
1131 0.785404 0.177229 0.0565364 0.390362
1132 0.580027 0.4145 0.34008 0.910892
1133 0.41153 0.891936 0.531655 0.952097
1134 0.248933 0.621122 0.129205 0.514557
1135 0.789827 0.699303 0.990338 0.518462
1136 0.498572 0.605721 0.779181 0.479763
1137 0.882983 0.3406 0.762043 0.212422
1138 0.810753 0.592113 0.559629 0.956664
1139 0.917671 0.487276 0.499381 0.828184
1140 0.209249 0.594641 0.959631 0.359125
1141 0.996462 0.182361 0.263354 0.701094
1142 0.0955249 0.742395 0.943443 0.974436
1143 0.604995 0.813122 0.290472 0.536771
1144 0.770246 0.197178 0.251848 0.450707
1145 0.176523 0.864972 0.896842 0.8733
1146 0.126919 0.415229 0.114415 0.183436
1147 0.172812 0.706625 0.614911 0.240922
1148 0.894594 0.502688 0.659736 0.794605
1149 0.812262 0.656501 0.424215 0.599329
1150 0.822222 0.414815 0.607666 0.444533
1151 0.622978 0.580383 0.828064 0.273236
1152 0.337866 0.748963 0.49939 0.638618
1153 0.420398 0.270326 0.543764 0.37258
1154 0.481593 0.88129 0.768073 0.487917
1155 0.105972 0.854807 0.714557 0.574285
1156 0.301498 0.197234 0.37469 0.0544585
1157 0.855238 0.490138 0.817125 0.158188
1158 0.417947 0.165727 0.530536 0.458999
1159 0.810542 0.583119 0.829097 0.330305
1160 0.101731 0.00716817 0.199755 0.850839
1161 0.315506 0.794942 0.736655 0.13229
1162 0.977464 0.705139 0.622135 0.136188
1163 0.025227 0.0763532 0.102916 0.626521
1164 0.354185 0.111872 0.018282 0.533431
1165 0.898064 0.984054 0.183447 0.561903
1166 0.200722 0.897474 0.936144 0.570536
1167 0.121758 0.528359 0.965843 0.366088
1168 0.924052 0.0928882 0.369757 0.0617049
1169 0.448487 0.802102 0.525959 0.0754344
1170 0.374452 0.976619 0.827938 0.897263
1171 0.210331 0.640795 0.233997 0.704667
1172 0.891919 0.0551971 0.952541 0.152635
1173 0.458532 0.564029 0.609272 0.573812
1174 0.723923 0.887399 0.0827601 0.0691535
1175 0.216753 0.248135 0.0131118 0.250612
1176 0.785208 0.502217 0.33383 0.881293
1177 0.760471 0.780088 0.884974 0.0322443
1178 0.495951 0.160575 0.305373 0.261833
1179 0.131469 0.942663 0.867475 0.2808
1180 0.325253 0.210802 0.456491 0.3283
1181 0.768301 0.780845 0.931666 0.442602
1182 0.682528 0.787847 0.481584 0.700914
1183 0.180457 0.699478 0.504504 0.222067
1184 0.93999 0.106247 0.692772 0.024171
1185 0.0158323 0.342179 0.616098 0.146427
1186 0.635082 0.0968508 0.461637 0.661021
1187 0.668004 0.50149 0.224938 0.648285
1188 0.29228 0.137282 0.194894 0.940521
1189 0.741647 0.310283 0.144923 0.808563
1190 0.819363 0.626161 0.115494 0.386686
1191 0.241354 0.96442 0.388659 0.0430549
1192 0.0738533 0.151074 0.292502 0.778152
1193 0.270937 0.226659 0.257082 0.281415
1194 0.960944 0.000289321 0.909979 0.685128
1195 0.32723 0.961805 0.146137 0.578027
1196 0.31488 0.768229 0.687008 0.302013
1197 0.944214 0.953124 0.806812 0.609834
1198 0.83136 0.804685 0.657802 0.940893
1199 0.490234 0.249992 0.685503 0.156845
1200 0.459167 0.25779 0.192801 0.473038
1201 0.342894 0.296807 0.987278 0.426621
1202 0.924861 0.460735 0.188456 0.302384
1203 0.463121 0.0931417 0.24524 0.974719
1204 0.454974 0.412238 0.775331 0.126856
1205 0.561761 0.63515 0.44483 0.98866
1206 0.275799 0.100763 0.690995 0.79026
1207 0.598943 0.888226 0.142505 0.843619
1208 0.111465 0.42249 0.636072 0.949375
1209 0.278302 0.540906 0.533888 0.10368
1210 0.666634 0.443031 0.478678 0.0777023
1211 0.495079 0.79003 0.067076 0.533095
1212 0.970771 0.752901 0.0943555 0.499248
1213 0.368917 0.407142 0.962449 0.197633
1214 0.476564 0.666738 0.925493 0.69257
1215 0.539129 0.336151 0.89092 0.376723
1216 0.945694 0.0162662 0.0160832 0.0272017
1217 0.822006 0.0722362 0.0782179 0.772706
1218 0.42079 0.287021 0.324559 0.391422
1219 0.126688 0.0720006 0.24339 0.394175
1220 0.973019 0.848814 0.539313 0.842254
1221 0.697927 0.444881 0.0453687 0.50595
1222 0.43039 0.0299543 0.418394 0.455411
1223 0.300995 0.1758 0.102044 0.178916
1224 0.932466 0.785214 0.84672 0.974797
1225 0.885838 0.129079 0.161924 0.23854
1226 0.922833 0.707549 0.351068 0.658063
1227 0.564459 0.0835859 0.64909 0.801521
1228 0.0812555 0.13357 0.73493 0.886558
1229 0.407402 0.0491477 0.567766 0.105657
1230 0.713111 0.0927557 0.792225 0.654923
1231 0.612052 0.114205 0.64346 0.978623
1232 0.254307 0.850426 0.730734 0.977434
1233 0.0173762 0.0747157 0.593265 0.0569973
1234 0.815495 0.79446 0.98298 0.545076
1235 0.736586 0.0943166 0.5585 0.757482
1236 0.0800569 0.415762 0.504173 0.639207
1237 0.851072 0.645724 0.998542 0.0179032
1238 0.385918 0.132486 0.453695 0.354552
1239 0.655861 0.983395 0.735292 0.966182
1240 0.461906 0.707997 0.328497 0.606127
1241 0.86869 0.397428 0.353349 0.941122
1242 0.0549827 0.0125955 0.163625 0.191591
1243 0.511689 0.498724 0.801604 0.679448
1244 0.575289 0.878985 0.337003 0.35237
1245 0.846533 0.785392 0.807577 0.999189
1246 0.901597 0.801488 0.812442 0.823799
1247 0.790791 0.740402 0.606453 0.950095
1248 0.630368 0.22902 0.326744 0.286382
1249 0.66509 0.710496 0.502389 0.167434
1250 0.31723 0.201801 0.0736343 0.427166
1251 0.91757 0.81634 0.920305 0.0560962
1252 0.650355 0.0818313 0.85912 0.49208
1253 0.643998 0.143932 0.871977 0.447615
1254 0.0107916 0.127107 0.499781 0.256969
1255 0.268764 0.467259 0.150893 0.513279
1256 0.515459 0.659588 0.407331 0.766948
1257 0.67388 0.752202 0.0859465 0.982178
1258 0.404147 0.576919 0.849698 0.990542
1259 0.359962 0.691694 0.324666 0.103644
1260 0.522451 0.957896 0.30072 0.706988
1261 0.89505 0.522124 0.882323 0.309136
1262 0.668243 0.511686 0.587461 0.491923
1263 0.954008 0.370995 0.583854 0.169313
1264 0.709862 0.620797 0.215979 0.588566
1265 0.673105 0.385827 0.0411862 0.00757943
1266 0.64987 0.727794 0.303307 0.748385
1267 0.841273 0.89432 0.449167 0.422097
1268 0.198807 0.815771 0.965238 0.797113
1269 0.621385 0.845752 0.748925 0.983807
1270 0.939045 0.732568 0.806407 0.728826
1271 0.0418041 0.783642 0.0981146 0.518692
1272 0.799424 0.108738 0.331026 0.552719
1273 0.420304 0.599652 0.103124 0.648086
1274 0.327014 0.61927 0.639511 0.914046
1275 0.179346 0.318747 0.90895 0.6515
1276 0.132947 0.339053 0.698104 0.682589
1277 0.183569 0.165595 0.00806795 0.232034
1278 0.904893 0.942098 0.765476 0.248896
1279 0.77724 0.162232 0.520243 0.405075
1280 0.519403 0.494507 0.232178 0.190383
1281 0.121257 0.506959 0.710877 0.496624
1282 0.0529185 0.59119 0.175661 0.266301
1283 0.226199 0.984507 0.656073 0.128189
1284 0.88093 0.586333 0.355486 0.372421
1285 0.249784 0.657436 0.228264 0.0808241
1286 0.570335 0.667619 0.170203 0.133158
1287 0.173956 0.0887948 0.966848 0.0715334
1288 0.910723 0.524197 0.269258 0.230775
1289 0.898735 0.346028 0.913915 0.740847
1290 0.1959 0.358398 0.0601647 0.36811
1291 0.0867843 0.036131 0.135755 0.541036
1292 0.757606 0.991206 0.27305 0.933226
1293 0.764579 0.622054 0.416501 0.730038
1294 0.769019 0.811475 0.0415554 0.981192
1295 0.732899 0.270363 0.500826 0.316805
1296 0.476224 0.318901 0.630957 0.0701044
1297 0.261253 0.480142 0.278307 0.569383
1298 0.281502 0.0107378 0.991233 0.785358
1299 0.33773 0.743151 0.442633 0.587703
1300 0.492866 0.362265 0.734699 0.457994
1301 0.917623 0.485232 0.424494 0.458637
1302 0.0699455 0.65101 0.934677 0.629879
1303 0.16107 0.538967 0.787612 0.651539
1304 0.336907 0.374714 0.313581 0.240324
1305 0.571818 0.39758 0.792977 0.578088
1306 0.398743 0.0130533 0.935633 0.305614
1307 0.246096 0.500097 0.477005 0.630892
1308 0.887885 0.883105 0.44133 0.0348271
1309 0.112447 0.797752 0.354936 0.530934
1310 0.683716 0.838567 0.157643 0.872159
1311 0.0902728 0.851639 0.751432 0.454552
1312 0.388189 0.562729 0.0898057 0.877877
1313 0.516679 0.711625 0.775948 0.176294
1314 0.606372 0.205188 0.847436 0.156874
1315 0.988121 0.826502 0.101085 0.354594
1316 0.471382 0.112318 0.979584 0.715698
1317 0.935205 0.235393 0.967744 0.102842
1318 0.368785 0.401491 0.990208 0.175775
1319 0.795869 0.290409 0.231549 0.129071
1320 0.456149 0.12904 0.477422 0.19245
1321 0.574076 0.160558 0.780595 0.993061
1322 0.339109 0.801986 0.386767 0.226314
1323 0.867974 0.366896 0.295248 0.420337
1324 0.155863 0.9835 0.290592 0.485194
1325 0.123413 0.598937 0.0863135 0.128128
1326 0.337706 0.742124 0.902556 0.402024
1327 0.915523 0.0623094 0.638516 0.25899
1328 0.453783 0.694741 0.70809 0.935722
1329 0.482992 0.607659 0.501894 0.283423
1330 0.813905 0.393291 0.638556 0.279042
1331 0.536503 0.89081 0.314288 0.123441
1332 0.893873 0.805243 0.138727 0.229272
1333 0.534707 0.814166 0.0037653 0.26466
1334 0.163386 0.637811 0.774052 0.524509
1335 0.167954 0.499371 0.610426 0.765115
1336 0.537248 0.255925 0.696085 0.870113
1337 0.711903 0.0412112 0.682675 0.334643
1338 0.436186 0.943946 0.831289 0.176842
1339 0.209987 0.292776 0.843659 0.0492639
1340 0.334245 0.261141 0.580355 0.704005
1341 0.11559 0.931861 0.889197 0.780655
1342 0.685333 0.240896 0.111989 0.347885
1343 0.0716865 0.0586244 0.669159 0.0614174
1344 0.262118 0.183686 0.00704954 0.237536
1345 0.927527 0.574494 0.0198669 0.872459
1346 0.206105 0.793796 0.0557554 0.0969305
1347 0.888883 0.592325 0.155731 0.729451
1348 0.478354 0.409788 0.432585 0.504333
1349 0.870183 0.127803 0.193934 0.460935
1350 0.915908 0.0787214 0.270341 0.226616
1351 0.663799 0.322102 0.876636 0.211282
1352 0.739628 0.224118 0.826745 0.228146
1353 0.463573 0.44579 0.0707515 0.467336
1354 0.124789 0.657684 0.9838 0.750703
1355 0.576578 0.933989 0.266036 0.298189
1356 0.336362 0.684779 0.742017 0.0328127
1357 0.828971 0.702773 0.0577773 0.513172
1358 0.94657 0.0536321 0.66851 0.783718
1359 0.218676 0.996834 0.491065 0.0837585
1360 0.792929 0.498314 0.9298 0.44909
1361 0.789493 0.0183803 0.159212 0.940716
1362 0.600597 0.625453 0.587072 0.602483
1363 0.49814 0.587298 0.0895231 0.148453
1364 0.58347 0.894705 0.253494 0.46837
1365 0.0175598 0.082553 0.715254 0.47414
1366 0.854132 0.442972 0.0100798 0.629511
1367 0.966754 0.914852 0.623196 0.509809
1368 0.113337 0.502369 0.648458 0.393259
1369 0.979232 0.780545 0.281983 0.771267
1370 0.855358 0.161949 0.855774 0.088277
1371 0.319065 0.946783 0.596803 0.588256
1372 0.216168 0.223162 0.878849 0.735045
1373 0.42542 0.817924 0.901868 0.115963
1374 0.60701 0.899083 0.501562 0.0803711
1375 0.813278 0.033188 0.892565 0.438562
1376 0.416579 0.107376 0.841331 0.908032
1377 0.179974 0.345567 0.0148998 0.501134
1378 0.330633 0.107013 0.517417 0.834518
1379 0.364031 0.531977 0.970402 0.496902
1380 0.208486 0.228743 0.165661 0.470748
1381 0.974641 0.584666 0.26035 0.352368
1382 0.971468 0.449312 0.0711498 0.877479
1383 0.0570439 0.433872 0.0837496 0.0935575
1384 0.599049 0.55943 0.86215 0.664034
1385 0.0808998 0.451726 0.419151 0.142188
1386 0.0939568 0.675491 0.755562 0.876821
1387 0.835642 0.98741 0.761009 0.981232
1388 0.168243 0.845042 0.765998 0.996005
1389 0.488677 0.183562 0.746908 0.144935
1390 0.417875 0.496 0.587464 0.90557
1391 0.109155 0.323937 0.802614 0.129001
1392 0.894054 0.479622 0.528509 0.623882
1393 0.381929 0.962304 0.947526 0.582277
1394 0.245091 0.457225 0.928578 0.878729
1395 0.0331862 0.0826131 0.0437282 0.0318785
1396 0.993297 0.380652 0.905172 0.282708
1397 0.661103 0.540393 0.0374751 0.409343
1398 0.026949 0.816491 0.0783065 0.911683
1399 0.211767 0.035412 0.132564 0.786013
1400 0.0280636 0.864048 0.0906232 0.510932
1401 0.262475 0.865583 0.350666 0.991476
1402 0.322275 0.41706 0.288387 0.350466
1403 0.571378 0.712118 0.574328 0.17951
1404 0.527793 0.519167 0.850485 0.922869
1405 0.024358 0.705939 0.933962 0.921623
1406 0.396011 0.563131 0.949409 0.223913
1407 0.156844 0.0253297 0.290792 0.0488759
1408 0.376964 0.0838016 0.200073 0.278036
1409 0.850192 0.274842 0.583312 0.228335
1410 0.708473 0.89484 0.699216 0.867684
1411 0.599112 0.895456 0.945489 0.151087
1412 0.218418 0.319182 0.379984 0.0973653
1413 0.9185 0.855983 0.770506 0.224408
1414 0.545233 0.263261 0.203181 0.47016
1415 0.00489971 0.875721 0.284531 0.801287
1416 0.122304 0.884976 0.878556 0.576287
1417 0.689727 0.428365 0.710559 0.246133
1418 0.0376267 0.605407 0.356349 0.290217
1419 0.0182147 0.777159 0.743058 0.526107
1420 0.770647 0.214289 0.251206 0.544691
1421 0.459952 0.291305 0.81972 0.533183
1422 0.823888 0.819227 0.657465 0.296876
1423 0.803757 0.293617 0.567303 0.982609
1424 0.407547 0.388665 0.486639 0.223768
1425 0.211471 0.689431 0.814103 0.499122
1426 0.600905 0.638606 0.50487 0.980827
1427 0.70219 0.626757 0.702294 0.392858
1428 0.804994 0.0130829 0.669932 0.52971
1429 0.510258 0.437686 0.698945 0.642535
1430 0.816602 0.508371 0.164279 0.0878217
1431 0.30729 0.11105 0.695169 0.744117
1432 0.494319 0.0909618 0.692502 0.674306
1433 0.200304 0.546323 0.89849 0.348785
1434 0.752952 0.459281 0.158423 0.0239553
1435 0.714971 0.838781 0.864123 0.00466611
1436 0.513261 0.899157 0.758934 0.812399
1437 0.644826 0.845908 0.776497 0.8324
1438 0.249602 0.983037 0.828575 0.682809
1439 0.694181 0.28505 0.982979 0.60525
1440 0.918663 0.862961 0.440696 0.486221
1441 0.264351 0.612321 0.79737 0.470078
1442 0.318139 0.907276 0.817952 0.444475
1443 0.529674 0.932764 0.731382 0.436147
1444 0.314792 0.431105 0.0267257 0.616607
1445 0.121682 0.191753 0.577919 0.774319
1446 0.896966 0.27057 0.226982 0.0964557
1447 0.286664 0.897648 0.160621 0.609863
1448 0.647283 0.950756 0.920888 0.791075
1449 0.303728 0.625707 0.0797417 0.257685
1450 0.996815 0.197433 0.190458 0.426437
1451 0.247341 0.553236 0.425073 0.239454
1452 0.512715 0.542521 0.836314 0.598795
1453 0.850219 0.276 0.192231 0.437682
1454 0.486875 0.773313 0.626559 0.236935
1455 0.269278 0.155876 0.0292732 0.482472
1456 0.233799 0.975441 0.536611 0.76242
1457 0.979291 0.449762 0.956208 0.232267
1458 0.771553 0.919597 0.907747 0.531822
1459 0.815697 0.469729 0.840612 0.100533
1460 0.950203 0.541998 0.873948 0.816796
1461 0.359948 0.0244323 0.678179 0.995981
1462 0.607858 0.268609 0.203545 0.624724
1463 0.40762 0.391766 0.117653 0.784511
1464 0.974995 0.93311 0.874017 0.0845519
1465 0.181393 0.0727664 0.185222 0.44671
1466 0.313405 0.0386118 0.245179 0.919292
1467 0.247893 0.576773 0.80408 0.495365
1468 0.666714 0.113131 0.617868 0.698557
1469 0.769246 0.48783 0.470487 0.733061
1470 0.61505 0.908803 0.262109 0.111355
1471 0.767086 0.0623475 0.338267 0.0705751
1472 0.0670669 0.194855 0.670623 0.421259
1473 0.498625 0.608003 0.979338 0.892378
1474 0.388148 0.894321 0.840419 0.562937
1475 0.841263 0.8939 0.228472 0.346222
1476 0.554246 0.314513 0.807058 0.0108935
1477 0.754109 0.841975 0.786104 0.949368
1478 0.536435 0.221238 0.453099 0.598164
1479 0.431632 0.749653 0.643659 0.0446739
1480 0.761877 0.506771 0.784066 0.884571
1481 0.686572 0.293752 0.911464 0.905361
1482 0.262537 0.201568 0.412186 0.471028
1483 0.39607 0.565642 0.269945 0.677914
1484 0.0135876 0.579737 0.909993 0.828238
1485 0.516898 0.387649 0.030455 0.868197
1486 0.9791 0.108259 0.992793 0.755042
1487 0.222517 0.160713 0.682665 0.716482
1488 0.523202 0.989952 0.160848 0.50351
1489 0.136562 0.493295 0.821106 0.572726
1490 0.110551 0.050197 0.479005 0.904763
1491 0.434255 0.861529 0.484072 0.274043
1492 0.610564 0.717398 0.59339 0.501389
1493 0.755093 0.550632 0.203694 0.541948
1494 0.0354814 0.847207 0.88165 0.739187
1495 0.417052 0.12756 0.456656 0.557587
1496 0.18298 0.140492 0.805089 0.692841
1497 0.344412 0.694913 0.720626 0.138766
1498 0.41965 0.905052 0.0779533 0.597024
1499 0.41819 0.176092 0.98209 0.333246
1500 0.732291 0.911089 0.19096 0.626265
1501 0.63004 0.881705 0.306949 0.758372
1502 0.189619 0.0904287 0.123056 0.913848
1503 0.467357 0.607224 0.975797 0.657742
1504 0.097566 0.829483 0.747276 0.721821
1505 0.379185 0.511888 0.701483 0.411251
1506 0.397015 0.605976 0.483416 0.971118
1507 0.969427 0.028864 0.587149 0.125452
1508 0.243424 0.719405 0.172153 0.0126481
1509 0.735703 0.0566512 0.748576 0.946819
1510 0.223405 0.865266 0.942079 0.56708
1511 0.719103 0.681736 0.915287 0.881112
1512 0.303977 0.303021 0.0130127 0.182947
1513 0.351934 0.6825 0.840491 0.167677
1514 0.375808 0.367813 0.92583 0.359536
1515 0.0874463 0.064375 0.990565 0.648128
1516 0.142405 0.0759376 0.610915 0.652941
1517 0.0674121 0.87625 0.750408 0.0844937
1518 0.12283 0.574064 0.00421538 0.630495
1519 0.130269 0.558128 0.271618 0.022528
1520 0.676145 0.182198 0.591771 0.460711
1521 0.884454 0.0700313 0.106064 0.561516
1522 0.221416 0.780406 0.31044 0.222696
1523 0.36841 0.0521566 0.908065 0.282529
1524 0.217718 0.289282 0.654431 0.690911
1525 0.990616 0.266284 0.754003 0.602701
1526 0.984238 0.994165 0.634142 0.398007
1527 0.989885 0.568432 0.0188194 0.963735
1528 0.0811666 0.463108 0.40564 0.200347
1529 0.578034 0.662763 0.264468 0.52847
1530 0.737702 0.808601 0.936042 0.367696
1531 0.223908 0.88674 0.236043 0.449952
1532 0.704134 0.0430321 0.99188 0.390444
1533 0.20963 0.277534 0.826897 0.293096
1534 0.920576 0.277913 0.0344644 0.244585
1535 0.636789 0.169678 0.764709 0.82964
1536 0.535551 0.516846 0.278075 0.776579
1537 0.482203 0.573976 0.78607 0.192712
1538 0.0732556 0.79224 0.213739 0.167065
1539 0.0997107 0.587656 0.207805 0.267979
1540 0.938964 0.395781 0.323183 0.104292
1541 0.736385 0.0857803 0.0688522 0.213939
1542 0.96764 0.952653 0.504469 0.345003
1543 0.178373 0.943897 0.407145 0.144567
1544 0.361473 0.0895046 0.90265 0.762375
1545 0.563483 0.0419513 0.751589 0.273147
1546 0.127645 0.446166 0.385687 0.77751
1547 0.694518 0.299437 0.549823 0.206736
1548 0.0183076 0.781123 0.827752 0.242826
1549 0.859183 0.991805 0.0181061 0.596338
1550 0.99033 0.920728 0.658872 0.39259
1551 0.209331 0.598122 0.790275 0.988501
1552 0.34302 0.302178 0.811803 0.397694
1553 0.17414 0.429971 0.758346 0.489653
1554 0.957662 0.860225 0.243849 0.358668
1555 0.17871 0.291613 0.637981 0.745133
1556 0.453304 0.00765073 0.633242 0.242783
1557 0.111439 0.42139 0.0576244 0.750505
1558 0.588894 0.459482 0.646567 0.317981
1559 0.530415 0.964382 0.360783 0.153345
1560 0.882444 0.650959 0.345593 0.0582397
1561 0.520929 0.226316 0.826513 0.969336
1562 0.183576 0.499259 0.848741 0.291857
1563 0.413095 0.958716 0.653829 0.0271218
1564 0.826382 0.258959 0.284301 0.536016
1565 0.240437 0.925315 0.821349 0.972002
1566 0.00518572 0.221258 0.36938 0.00786248
1567 0.867181 0.99971 0.824145 0.299161
1568 0.156413 0.00694311 0.620444 0.724205
1569 0.13385 0.0442668 0.305364 0.652778
1570 0.395385 0.203113 0.248184 0.398824
1571 0.167663 0.820276 0.740829 0.517944
1572 0.447507 0.0936416 0.211318 0.518248
1573 0.176079 0.179362 0.600447 0.447993
1574 0.0289078 0.2334 0.700816 0.023728
1575 0.588738 0.786137 0.800874 0.11043
1576 0.272255 0.616223 0.497899 0.449026
1577 0.334893 0.622106 0.779524 0.700288
1578 0.559062 0.18663 0.196054 0.160495
1579 0.340332 0.520826 0.16061 0.660378
1580 0.0104365 0.445292 0.199175 0.517816
1581 0.999632 0.984313 0.749564 0.163495
1582 0.903865 0.898252 0.704809 0.320625
1583 0.426501 0.530693 0.482774 0.452293
1584 0.424216 0.099892 0.553365 0.828131
1585 0.706792 0.823114 0.975219 0.898151
1586 0.422804 0.0396532 0.87103 0.935726
1587 0.175701 0.829897 0.449211 0.530993
1588 0.248965 0.622504 0.855996 0.764427
1589 0.912483 0.265948 0.0930721 0.807625
1590 0.234215 0.993158 0.854473 0.965906
1591 0.192939 0.565411 0.289187 0.526808
1592 0.0497042 0.454045 0.044869 0.467692
1593 0.561771 0.635572 0.666528 0.0648801
1594 0.92329 0.727027 0.595349 0.180053
1595 0.483797 0.642019 0.573339 0.496397
1596 0.593177 0.308871 0.0818952 0.357904
1597 0.204884 0.0750495 0.331318 0.679853
1598 0.890714 0.670461 0.250851 0.857978
1599 0.500328 0.347321 0.523244 0.0291956
1600 0.985542 0.0497745 0.881804 0.453371
1601 0.410299 0.172761 0.581632 0.457463
1602 0.59192 0.588596 0.55355 0.664442
1603 0.858829 0.976725 0.0866131 0.869486
1604 0.825695 0.562987 0.537732 0.236937
1605 0.224705 0.587398 0.446877 0.596247
1606 0.916973 0.457506 0.841667 0.445053
1607 0.479495 0.458454 0.0281145 0.304091
1608 0.624215 0.633175 0.593682 0.819072
1609 0.429835 0.672963 0.30906 0.177615
1610 0.961075 0.339202 0.511227 0.694038
1611 0.897935 0.978544 0.285816 0.565696
1612 0.737932 0.818446 0.113858 0.147833
1613 0.346182 0.103774 0.110799 0.795731
1614 0.435702 0.256635 0.640075 0.443896
1615 0.498574 0.605843 0.843258 0.501793
1616 0.0701252 0.325341 0.298879 0.0156941
1617 0.933581 0.499459 0.203948 0.578027
1618 0.97036 0.0686907 0.533779 0.326916
1619 0.41993 0.917009 0.367146 0.759252
1620 0.78634 0.883841 0.398863 0.613266
1621 0.938671 0.0499603 0.0888623 0.846329
1622 0.554965 0.345193 0.943406 0.558579
1623 0.881754 0.621517 0.860673 0.734515
1624 0.295837 0.622364 0.67339 0.379876
1625 0.839231 0.140531 0.294278 0.668619
1626 0.372857 0.241905 0.705162 0.592831
1627 0.684062 0.186651 0.582465 0.539418
1628 0.748659 0.942767 0.148334 0.901029
1629 0.335392 0.976737 0.647821 0.551415
1630 0.274426 0.375524 0.551923 0.199228
1631 0.628028 0.462509 0.481147 0.232634
1632 0.298328 0.39534 0.919577 0.602748
1633 0.137722 0.209458 0.187138 0.522784
1634 0.141375 0.698688 0.846632 0.711966
1635 0.608758 0.307001 0.395547 0.566746
1636 0.380168 0.553816 0.753597 0.992781
1637 0.802185 0.559886 0.961656 0.855967
1638 0.391601 0.374971 0.987569 0.200774
1639 0.129942 0.21085 0.270507 0.500941
1640 0.255243 0.890362 0.734921 0.198686
1641 0.361981 0.444524 0.974965 0.683644
1642 0.8747 0.653884 0.235503 0.313687
1643 0.990373 0.92259 0.638333 0.72933
1644 0.0699356 0.650584 0.71047 0.552797
1645 0.506254 0.600188 0.517825 0.752812
1646 0.408107 0.745878 0.712715 0.5417
1647 0.892349 0.0735704 0.615867 0.474892
1648 0.681137 0.728524 0.280766 0.974055
1649 0.0556799 0.709008 0.141798 0.570296
1650 0.203844 0.697338 0.323894 0.655286
1651 0.721944 0.80295 0.667177 0.799049
1652 0.49707 0.541663 0.0880167 0.896721
1653 0.484924 0.0234252 0.52351 0.188881
1654 0.435912 0.265588 0.348913 0.0627974
1655 0.251157 0.382702 0.381882 0.676856
1656 0.583732 0.905918 0.151078 0.495962
1657 0.241981 0.991193 0.469529 0.884067
1658 0.198294 0.793891 0.457476 0.840737
1659 0.0119362 0.842611 0.519095 0.087825
1660 0.286968 0.910647 0.997289 0.960313
1661 0.614384 0.880378 0.311874 0.971455
1662 0.103589 0.0864462 0.895643 0.18591
1663 0.0920768 0.595276 0.566996 0.372367
1664 0.620163 0.79364 0.341185 0.56101
1665 0.89229 0.404359 0.944149 0.0147552
1666 0.772267 0.283389 0.594227 0.0394437
1667 0.602995 0.0611058 0.0680215 0.103866
1668 0.667566 0.81613 0.0600825 0.268202
1669 0.578441 0.346828 0.748302 0.674417
1670 0.462558 0.735795 0.949068 0.632688
1671 0.569375 0.293324 0.959691 0.726372
1672 0.253229 0.137783 0.216538 0.664039
1673 0.395003 0.186788 0.662003 0.44689
1674 0.0909533 0.880676 0.0231798 0.704988
1675 0.990694 0.602965 0.181051 0.207921
1676 0.125587 0.691706 0.877686 0.902631
1677 0.837271 0.723556 0.636658 0.544502
1678 0.893343 0.11598 0.920777 0.143334
1679 0.824622 0.183876 0.79474 0.959482
1680 0.907643 0.059441 0.48145 0.466885
1681 0.02426 0.70176 0.736036 0.165974
1682 0.976772 0.675594 0.0831699 0.793883
1683 0.64229 0.737719 0.874693 0.269526
1684 0.0627961 0.345969 0.499628 0.472214
1685 0.596164 0.436343 0.125532 0.407547
1686 0.0118205 0.504342 0.256541 0.195357
1687 0.705444 0.0989648 0.409453 0.504223
1688 0.126282 0.0547069 0.147854 0.267124
1689 0.408693 0.437558 0.202046 0.0647398
1690 0.315617 0.132987 0.881589 0.98432
1691 0.215466 0.8599 0.471122 0.323259
1692 0.452246 0.962511 0.892432 0.0806783
1693 0.774281 0.0359718 0.114491 0.574738
1694 0.575466 0.553228 0.655059 0.72232
1695 0.484272 0.995621 0.89993 0.161285
1696 0.726438 0.994675 0.50405 0.466827
1697 0.000174905 0.00746262 0.92493 0.349393
1698 0.46311 0.0927004 0.0131335 0.894921
1699 0.777087 0.489039 0.754427 0.224985
1700 0.49453 0.0999283 0.408362 0.295622
1701 0.973396 0.198222 0.660329 0.748865
1702 0.389609 0.289979 0.286711 0.832592
1703 0.577091 0.955876 0.777309 0.255772
1704 0.956065 0.125439 0.0834542 0.0413028
1705 0.542572 0.149755 0.50494 0.945869
1706 0.650849 0.769576 0.278554 0.303488
1707 0.0219453 0.269667 0.12686 0.308108
1708 0.274027 0.691813 0.254175 0.117257
1709 0.446653 0.723876 0.383314 0.930568
1710 0.213678 0.116941 0.0123075 0.528095
1711 0.26219 0.18676 0.62402 0.793451
1712 0.650033 0.0680927 0.633351 0.00785648
1713 0.540493 0.727716 0.183927 0.906077
1714 0.392659 0.753459 0.403405 0.365752
1715 0.491515 0.971316 0.765086 0.0398228
1716 0.415158 0.046759 0.959869 0.947166
1717 0.0673136 0.538715 0.873443 0.324592
1718 0.667456 0.811456 0.601836 0.423055
1719 0.398913 0.0203058 0.750028 0.617005
1720 0.386376 0.81873 0.0836411 0.894533
1721 0.728038 0.729627 0.751595 0.814154
1722 0.89084 0.00919282 0.756798 0.834124
1723 0.7927 0.488516 0.776436 0.677361
1724 0.738633 0.84836 0.847436 0.557046
1725 0.297504 0.693519 0.0966898 0.246029
1726 0.137325 0.525869 0.953216 0.462756
1727 0.146411 0.913544 0.84909 0.562279
1728 0.642542 0.748444 0.515593 0.208871
1729 0.537549 0.268769 0.451747 0.192714
1730 0.442421 0.876621 0.0701469 0.276445
1731 0.816581 0.840799 0.355155 0.924244
1732 0.9177 0.155211 0.499608 0.0574624
1733 0.15697 0.36407 0.801253 0.0265741
1734 0.68252 0.787523 0.311046 0.642283
1735 0.682387 0.448506 0.655001 0.614533
1736 0.951641 0.603329 0.130592 0.90665
1737 0.568362 0.583425 0.888542 0.909097
1738 0.845404 0.0705866 0.155921 0.294734
1739 0.957173 0.172697 0.938651 0.586534
1740 0.134396 0.400904 0.228611 0.866597
1741 0.191824 0.85115 0.923809 0.920776
1742 0.941377 0.498762 0.485354 0.725279
1743 0.921849 0.332222 0.597846 0.0646922
1744 0.0586987 0.504479 0.218892 0.860641
1745 0.0555517 0.0368739 0.932737 0.581619
1746 0.805022 0.680934 0.626396 0.743942
1747 0.330166 0.75374 0.363746 0.22908
1748 0.735798 0.394034 0.544912 0.679
1749 0.443294 0.580539 0.995759 0.0122822
1750 0.0375843 0.936929 0.0703468 0.962689
1751 0.235861 0.396725 0.460247 0.665593
1752 0.0769059 0.947987 0.128361 0.329361
1753 0.338689 0.117398 0.627941 0.985824
1754 0.339981 0.172508 0.612399 0.950699
1755 0.991683 0.97846 0.0229272 0.831771
1756 0.89027 0.318194 0.625972 0.434339
1757 0.416477 0.103019 0.549484 0.120094
1758 0.486431 0.754369 0.663163 0.811514
1759 0.17029 0.599045 0.0336171 0.788239
1760 0.643866 0.804947 0.233237 0.425815
1761 0.330585 0.438279 0.0968657 0.460732
1762 0.188714 0.38515 0.482064 0.932063
1763 0.157025 0.366388 0.0205951 0.445785
1764 0.243718 0.731978 0.784991 0.286146
1765 0.0490868 0.094371 0.52459 0.704812
1766 0.101057 0.978425 0.0826191 0.653559
1767 0.16456 0.0212137 0.774408 0.578046
1768 0.0778466 0.321453 0.902874 0.586251
1769 0.986042 0.737798 0.447574 0.315089
1770 0.215634 0.533706 0.55958 0.614273
1771 0.419423 0.562056 0.329314 0.849839
1772 0.575835 0.56898 0.939665 0.570573
1773 0.680204 0.355376 0.674157 0.77489
1774 0.898706 0.0114416 0.587962 0.514184
1775 0.270397 0.870262 0.460359 0.111095
1776 0.53403 0.118599 0.470494 0.0389117
1777 0.770607 0.879235 0.67973 0.233617
1778 0.817375 0.208019 0.843939 0.0514992
1779 0.968789 0.334993 0.946064 0.206439
1780 0.456355 0.137793 0.0809285 0.775138
1781 0.0190269 0.811816 0.970996 0.792883
1782 0.00697097 0.630762 0.0976189 0.781055
1783 0.870583 0.478222 0.846751 0.550379
1784 0.160761 0.192479 0.201935 0.272779
1785 0.129317 0.850873 0.59085 0.683267
1786 0.329053 0.372932 0.72769 0.644589
1787 0.810462 0.579733 0.0484863 0.71813
1788 0.901297 0.122012 0.741711 0.507478
1789 0.11362 0.514472 0.0138911 0.581698
1790 0.570048 0.988729 0.407945 0.92289
1791 0.397706 0.302124 0.322652 0.302057
1792 0.255801 0.914185 0.264403 0.506329
1793 0.955453 0.765992 0.682551 0.319464
1794 0.430507 0.368289 0.715683 0.359821
1795 0.983964 0.315806 0.151138 0.283747
1796 0.0292241 0.580229 0.465684 0.464094
1797 0.319667 0.639125 0.433855 0.230843
1798 0.654985 0.612687 0.411977 0.208215
1799 0.0529062 0.924 0.567169 0.171702
1800 0.422574 0.0298122 0.695221 0.156279
1801 0.0592861 0.862874 0.0668021 0.392361
1802 0.552553 0.908935 0.143827 0.947652
1803 0.781744 0.687742 0.261741 0.154662
1804 0.717485 0.94604 0.276008 0.399106
1805 0.269216 0.486556 0.300376 0.00267664
1806 0.157929 0.404981 0.31818 0.424107
1807 0.52463 0.0508806 0.2057 0.52055
1808 0.726417 0.660454 0.370579 0.306339
1809 0.636831 0.5048 0.372174 0.153087
1810 0.283235 0.0847124 0.897832 0.16147
1811 0.967931 0.965075 0.0374303 0.591039
1812 0.25847 0.0280365 0.14409 0.0930017
1813 0.839435 0.482547 0.527669 0.238661
1814 0.710382 0.642953 0.8692 0.59495
1815 0.707378 0.514797 0.46618 0.421752
1816 0.850833 0.302204 0.974285 0.17596
1817 0.738595 0.180051 0.650088 0.259998
1818 0.774073 0.360465 0.131966 0.976343
1819 0.997086 0.542334 0.941004 0.518078
1820 0.015855 0.00981367 0.458327 0.321385
1821 0.121357 0.177878 0.280925 0.265608
1822 0.585444 0.978948 0.56061 0.701183
1823 0.420456 0.272781 0.835334 0.816622
1824 0.253738 0.826157 0.966513 0.589087
1825 0.738326 0.501908 0.281069 0.184925
1826 0.146313 0.576038 0.9878 0.807766
1827 0.232947 0.939051 0.397176 0.18227
1828 0.0808586 0.449965 0.492857 0.823728
1829 0.388633 0.248332 0.382564 0.301933
1830 0.60407 0.440309 0.859667 0.398048
1831 0.126723 0.406864 0.714926 0.67089
1832 0.323713 0.478405 0.552555 0.442906
1833 0.801765 0.208654 0.880992 0.619429
1834 0.897178 0.946273 0.312958 0.730417
1835 0.167182 0.799757 0.948822 0.807645
1836 0.928486 0.282084 0.876314 0.272118
1837 0.0662818 0.494689 0.718479 0.363901
1838 0.0413136 0.42938 0.424054 0.734343
1839 0.651346 0.124077 0.0780093 0.130948
1840 0.536251 0.880043 0.651569 0.176595
1841 0.355396 0.163568 0.207333 0.881043
1842 0.306118 0.0610155 0.379872 0.696902
1843 0.63814 0.893984 0.413236 0.252022
1844 0.0737835 0.814764 0.0605692 0.240012
1845 0.699439 0.842731 0.644293 0.17188
1846 0.532582 0.723504 0.320635 0.871171
1847 0.900542 0.756451 0.125175 0.680103
1848 0.610012 0.0271648 0.865333 0.240076
1849 0.555194 0.354932 0.0654207 0.319531
1850 0.841057 0.885108 0.604526 0.756506
1851 0.0495999 0.116263 0.0383709 0.663257
1852 0.728084 0.7316 0.78949 0.170983
1853 0.922107 0.343238 0.391603 0.0565892
1854 0.979883 0.475026 0.244205 0.800688
1855 0.580336 0.761017 0.940805 0.294825
1856 0.663067 0.290863 0.446989 0.56276
1857 0.755376 0.896028 0.214685 0.723131
1858 0.56465 0.758396 0.265211 0.273946
1859 0.589519 0.486124 0.659097 0.135497
1860 0.455262 0.091185 0.567684 0.34747
1861 0.425906 0.171992 0.474233 0.865348
1862 0.458077 0.21129 0.736236 0.0648561
1863 0.915308 0.719807 0.14932 0.601001
1864 0.369154 0.417233 0.269798 0.0223031
1865 0.977152 0.0251361 0.274908 0.724807
1866 0.540525 0.395721 0.221271 0.148116
1867 0.448784 0.1481 0.853448 0.365429
1868 0.827979 0.327113 0.129253 0.859532
1869 0.928823 0.629775 0.0944843 0.86833
1870 0.121124 0.834638 0.403631 0.474191
1871 0.36734 0.339851 0.571428 0.0301792
1872 0.113923 0.527367 0.795887 0.913352
1873 0.377474 0.105538 0.632473 0.208502
1874 0.239537 0.886928 0.631854 0.0308413
1875 0.0399622 0.371721 0.098871 0.308527
1876 0.083937 0.247977 0.906537 0.573592
1877 0.143962 0.142367 0.549385 0.664808
1878 0.108338 0.622415 0.137474 0.826515
1879 0.354371 0.453182 0.880377 0.975822
1880 0.151188 0.11736 0.0450014 0.416297
1881 0.717786 0.625516 0.346613 0.715384
1882 0.94602 0.696861 0.674666 0.545627
1883 0.216051 0.55152 0.928478 0.835306
1884 0.782126 0.037371 0.498873 0.101193
1885 0.748294 0.260551 0.636939 0.0894067
1886 0.450632 0.226964 0.331776 0.625703
1887 0.969144 0.0168306 0.258206 0.949558
1888 0.759179 0.0583042 0.563253 0.0660195
1889 0.832774 0.19835 0.0556656 0.850097
1890 0.164032 0.665363 0.264714 0.506407
1891 0.489227 0.207026 0.0872937 0.387567
1892 0.459076 0.253889 0.141337 0.767743
1893 0.351409 0.660106 0.0623766 0.118354
1894 0.976773 0.67563 0.10223 0.800435
1895 0.697957 0.112827 0.0519903 0.737427
1896 0.396788 0.596295 0.391872 0.220642
1897 0.0991169 0.562322 0.883318 0.687013
1898 0.0236081 0.00727785 0.773062 0.136295
1899 0.249596 0.982771 0.688509 0.634654
1900 0.285105 0.831126 0.173497 0.581269
1901 0.464261 0.141814 0.844406 0.775728
1902 0.219627 0.370756 0.504958 0.422947
1903 0.139411 0.948204 0.430096 0.556135
1904 0.859822 0.352425 0.0359533 0.530282
1905 0.904235 0.580712 0.344859 0.176479
1906 0.687011 0.31245 0.745577 0.286335
1907 0.983944 0.648287 0.369727 0.129697
1908 0.72057 0.0776733 0.508166 0.201163
1909 0.467925 0.631457 0.72146 0.0397081
1910 0.322414 0.0896848 0.755261 0.427779
1911 0.723164 0.854992 0.0384265 0.209301
1912 0.437253 0.322789 0.433212 0.405797
1913 0.115042 0.241803 0.253431 0.551071
1914 0.754978 0.545722 0.621682 0.654251
1915 0.494487 0.0981046 0.449215 0.965866
1916 0.17212 0.677126 0.100147 0.906937
1917 0.582339 0.179816 0.557949 0.748826
1918 0.944955 0.984762 0.44637 0.330524
1919 0.428677 0.290222 0.656677 0.24371
1920 0.0674644 0.878479 0.922727 0.487538
1921 0.546692 0.658876 0.626275 0.731839
1922 0.672975 0.0469393 0.453106 0.00319554
1923 0.117619 0.351755 0.0821559 0.432621
1924 0.648939 0.688078 0.414986 0.566968
1925 0.835063 0.962672 0.750511 0.508216
1926 0.169922 0.58333 0.768197 0.946583
1927 0.503967 0.835926 0.854578 0.105557
1928 0.494506 0.765591 0.213699 0.114096
1929 0.431333 0.0702106 0.590986 0.734561
1930 0.137444 0.530944 0.622628 0.380501
1931 0.942666 0.55377 0.416895 0.67196
1932 0.419003 0.544123 0.897719 0.607251
1933 0.0300189 0.280807 0.634259 0.595861
1934 0.409087 0.787732 0.726081 0.109909
1935 0.184355 0.199135 0.648154 0.296706
1936 0.424341 0.105217 0.354191 0.791057
1937 0.886854 0.83909 0.291759 0.0759904
1938 0.502053 0.087581 0.562837 0.336431
1939 0.0306331 0.973681 0.751193 0.334671
1940 0.665325 0.0538543 0.441628 0.980147
1941 0.71625 0.560001 0.889033 0.868847
1942 0.309578 0.875314 0.359544 0.39176
1943 0.411216 0.21188 0.155964 0.530931
1944 0.681097 0.393452 0.699885 0.659747
1945 0.385636 0.453794 0.79564 0.180109
1946 0.183946 0.181693 0.474873 0.142926
1947 0.632954 0.0060178 0.688473 0.236579
1948 0.142208 0.400866 0.856985 0.133137
1949 0.156665 0.351035 0.94565 0.669614
1950 0.660119 0.498418 0.961035 0.819449
1951 0.550731 0.831192 0.255358 0.890172
1952 0.363314 0.501389 0.882833 0.965986
1953 0.223303 0.527604 0.99878 0.784373
1954 0.0699951 0.653125 0.0471825 0.0123593
1955 0.410242 0.170313 0.294074 0.0148
1956 0.831494 0.143752 0.339804 0.977567
1957 0.29679 0.329692 0.392153 0.732199
1958 0.29729 0.684389 0.294683 0.595096
1959 0.112635 0.139103 0.238725 0.980783
1960 0.000198164 0.675122 0.7802 0.528835
1961 0.987472 0.798802 0.532678 0.345967
1962 0.923048 0.71672 0.174266 0.316282
1963 0.651041 0.111097 0.251498 0.783989
1964 0.598815 0.216105 0.940591 0.857399
1965 0.733518 0.296752 0.380061 0.0884941
1966 0.0117711 0.835569 0.815049 0.814371
1967 0.468968 0.342644 0.469743 0.0897818
1968 0.707869 0.535744 0.48302 0.209348
1969 0.0265001 0.13067 0.670436 0.448051
1970 0.788179 0.962322 0.67543 0.804175
1971 0.490576 0.597902 0.0186611 0.792589
1972 0.84984 0.92652 0.0330953 0.517966
1973 0.683859 0.177997 0.0306212 0.974491
1974 0.454593 0.729303 0.88587 0.185254
1975 0.572825 0.773846 0.0396293 0.3411
1976 0.34561 0.0793499 0.264945 0.379319
1977 0.918238 0.511487 0.233007 0.206012
1978 0.39894 0.354774 0.0135337 0.822199
1979 0.129498 0.525259 0.984144 0.0790838
1980 0.186529 0.95859 0.783058 0.0747148
1981 0.953692 0.0242072 0.841056 0.736535
1982 0.0433891 0.517934 0.998816 0.746774
1983 0.677103 0.88974 0.42339 0.851835
1984 0.672118 0.677033 0.550992 0.390038
1985 0.938778 0.054536 0.495446 0.673714
1986 0.583608 0.23392 0.0137418 0.531945
1987 0.0526414 0.912699 0.62344 0.128244
1988 0.0633807 0.370909 0.616962 0.981961
1989 0.906512 0.0111648 0.090816 0.73757
1990 0.868644 0.728807 0.992236 0.58777
1991 0.0532584 0.272358 0.13607 0.888494
1992 0.501755 0.0748867 0.886298 0.0410328
1993 0.531205 0.998098 0.0931595 0.249746
1994 0.671436 0.314605 0.582274 0.129183
1995 0.247768 0.904753 0.655208 0.527381
1996 0.443681 0.597071 0.690783 0.00163663
1997 0.432179 0.439651 0.247826 0.263394
1998 0.599944 0.264264 0.269906 0.565633
1999 0.710048 0.628731 0.389004 0.0232541
