n t
4857 95
17276 236
9134 144
10201 155
7118 121
17462 270
13894 98
9842 76
3804 40
19636 105
10090 61
15821 87
14876 83
11746 69
1929 23
19592 104
5788 41
3773 32
5805 42
3667 31
12449 97
1692 21
19710 105
13293 76
15740 87
19083 102
17285 94
7376 49
10529 63
1943 23
15759 87
8771 56
11950 70
4171 34
15662 110
7544 50
7069 48
18329 99
19229 109
16969 130
623 17
19570 143
11797 98
4646 38
15349 114
11649 89
7105 48
14852 83
17474 95
15948 88
17926 97
3026 28
15244 85
10609 66
14153 83
14180 82
13959 81
4465 37
13190 75
15780 87
16244 89
8381 54
18378 99
1991 23
9610 59
3000 28
19198 103
2035 23
4141 34
14306 81
7217 48
16503 91
7455 50
850 16
15371 99
9456 61
15139 84
11230 66
16758 91
9266 57
2417 25
16539 101
7810 51
1356 19
1157 17
15111 84
658 14
14859 83
12422 72
11104 66
8379 63
5531 41
13385 76
15995 88
17931 97
12116 70
7127 47
12551 73
15274 85
3263 30
5621 41
3803 32
6728 46
774 16
2668 28
19419 104
5529 41
15206 85
15847 87
11907 70
13532 77
18117 98
10267 62
7423 49
1201 19
15312 85
19154 103
13043 75
15905 87
2633 27
17437 120
4990 38
9635 60
16436 90
454 12
9282 58
6917 47
4209 34
4300 35
9313 59
18307 99
13457 77
13752 78
12676 73
17345 94
1310 20
4993 38
15018 93
1488 20
11585 68
4849 37
177 8
3858 33
11987 70
8148 52
18116 98
14225 80
15111 84
15711 87
9865 60
17524 95
9606 59
6006 43
11805 87
11378 70
19275 107
992 18
15008 84
18443 100
6408 45
12603 73
4364 35
12363 72
13256 75
5003 37
10420 63
4952 37
18654 100
9329 68
7643 50
13399 76
3492 30
12779 74
2542 27
6929 48
10058 64
12545 75
5240 40
2888 28
9772 60
7971 52
17273 104
2399 25
19710 105
19885 118
11050 66
11058 65
3827 33
2915 27
6538 45
6342 44
15903 87
1550 21
12014 70
10805 65
16981 93
2162 23
11347 67
19884 106
11205 66
2274 24
2953 28
17121 103
315 10
13754 78
7212 57
17313 94
6669 46
10859 65
6684 46
16661 91
2020 23
18253 99
2187 24
18325 99
8614 55
7717 50
16457 91
10305 62
4517 35
6197 44
14810 83
10692 64
4283 34
11405 67
16759 92
6917 47
6842 46
11158 66
2864 28
12029 70
15339 85
10636 64
14892 83
5070 51
7148 48
2245 24
9089 58
17608 96
3984 33
17768 96
11344 67
6349 44
14976 83
7614 50
3661 31
12590 73
17422 95
18631 100
14975 90
4615 36
2525 26
7431 50
10096 62
16182 89
15554 86
4263 34
959 17
15252 85
15075 84
4299 35
7807 51
5724 41
15596 86
15435 85
12865 74
5047 38
11879 69
17905 97
4228 34
13931 79
16794 92
11906 69
17663 96
15212 84
2175 24
19047 103
16255 89
13142 75
15944 88
14794 83
5591 41
6520 45
18188 98
13828 79
16302 89
3569 31
17172 94
1188 18
37 5
19179 103
19946 107
19724 108
11587 68
8505 54
2747 27
11672 69
12452 72
14890 83
7678 51
19920 106
11811 69
15916 88
9710 60
6316 44
19403 104
6080 43
961 17
4883 37
5703 41
19103 102
13203 87
2102 24
2684 27
11792 69
15618 86
12435 72
5871 42
4780 37
2879 27
8510 55
4705 36
14665 82
2979 28
18563 100
18505 100
113 7
19900 106
14209 80
12527 72
13536 77
16322 90
13765 78
3528 31
6614 45
1703 21
2606 26
9612 60
11741 69
2730 26
10042 61
11208 69
11516 68
12334 72
17319 94
12476 72
6129 43
6484 45
19948 107
6108 43
10339 80
6829 51
15397 108
6111 44
1089 22
12662 76
19291 107
9857 62
5407 41
1351 20
17593 99
9516 68
10354 65
7107 49
19739 109
16725 95
6325 46
16225 93
11130 68
3106 29
19985 129
12198 71
12530 73
8301 53
7631 50
12567 73
4907 37
3934 33
16562 91
12840 74
4921 37
1148 18
14397 81
2509 26
682 14
17350 95
13354 76
18659 100
1860 23
12341 72
11940 69
3232 29
13393 76
8168 53
736 15
5163 39
6395 44
2260 25
11023 66
327 11
18721 101
6327 44
8103 53
15407 85
5386 39
16861 92
16661 91
11913 70
15566 86
3994 33
10055 62
8926 56
13339 76
4015 33
4870 37
8147 53
14418 81
10160 62
5449 40
4534 35
5031 38
3824 32
14233 80
19462 104
11838 69
4830 37
9625 59
15663 87
2448 26
2220 24
9271 58
3398 30
11953 70
15821 88
13540 77
11051 65
17796 97
400 11
6165 44
7408 49
19797 106
16348 90
45 5
18994 102
3157 29
6833 47
16206 89
17583 95
8294 53
14934 83
16377 90
4173 34
12220 71
8868 56
4582 36
16656 91
14136 80
13992 79
15353 85
7852 51
7042 47
3346 29
12576 73
14548 82
14452 81
308 9
2263 25
19134 103
8492 54
17277 94
17068 93
9761 60
7637 50
16727 92
321 10
14707 82
6100 43
16669 91
19020 102
8227 53
8863 56
18876 101
18925 102
18734 101
17698 96
17123 93
1371 20
13302 76
8589 55
622 14
3593 32
12035 71
9616 59
17124 94
19074 103
10846 65
15207 85
14331 80
15557 86
10217 61
3300 30
17503 95
4522 36
18576 100
13801 78
4769 37
8743 56
10450 63
2597 26
19886 106
11759 69
14202 83
14404 101
6562 45
11355 67
3021 28
9355 59
4991 38
16593 91
64 6
17204 94
13482 77
19995 107
11157 66
17961 97
19473 104
13008 75
10276 62
8958 56
19759 106
2142 23
8587 55
673 14
9711 60
19583 105
8590 55
16279 89
15540 87
1111 18
3836 33
19957 107
9818 60
19270 103
1762 22
10914 65
15775 87
18110 98
8567 55
19644 105
5883 42
7534 50
15463 86
16259 89
7362 49
6964 47
1675 21
3994 33
3337 29
12165 71
1228 18
14252 80
6076 43
9301 58
4814 37
16236 90
9013 57
14346 80
19089 102
16986 92
19571 104
678 14
18988 102
17427 94
7123 48
18493 100
9134 57
5036 38
14165 80
16215 89
5258 39
8216 53
7479 49
17487 95
15122 84
4794 37
1994 23
14255 80
2587 26
17676 96
8360 54
11413 67
10983 65
7394 49
18753 101
18564 100
19792 106
4866 37
2081 23
6208 44
12725 74
39 6
16920 93
1315 19
1159 18
11347 67
17401 94
7409 50
4162 34
11464 68
2597 26
6709 46
17472 95
7857 51
2347 24
11042 66
12470 72
18302 99
16967 92
678 15
10554 64
213 9
4448 35
9360 58
1354 19
16454 91
15498 86
8994 56
9106 57
906 16
3948 33
8417 55
8234 53
8278 53
382 11
15423 86
4570 36
6785 47
18623 100
11694 69
12559 72
12626 73
10784 65
12018 70
18297 99
18681 100
16365 90
2681 27
8549 55
11015 66
8410 54
10113 62
14721 83
16591 91
6139 43
6364 44
14807 83
15327 85
2858 27
11146 66
15182 84
6763 46
17201 94
6211 44
7104 48
10505 64
4765 37
11108 66
12759 74
4505 35
9109 57
13230 75
18011 97
12364 72
16377 90
15769 87
15996 88
601 13
12208 71
11825 69
873 16
16575 91
5236 40
10339 63
16556 91
10239 62
10235 62
15007 84
1485 20
19936 107
12076 70
15079 84
12628 73
3916 33
457 12
18219 98
2824 27
15713 87
14897 83
12803 74
1970 22
12223 71
8185 53
15443 86
18564 100
17824 97
5093 38
10167 62
452 12
18640 100
17811 97
2797 27
8721 56
4034 33
9519 59
1511 27
3604 31
9263 58
15683 87
15646 87
4905 38
14327 90
1091 18
12073 70
11801 69
5099 38
12582 73
6508 45
14144 80
10464 63
7747 51
18392 102
1386 20
2276 25
1053 17
1986 23
5850 43
5921 43
560 14
19160 103
18340 99
1098 18
10353 63
947 16
10860 65
4624 36
19786 106
13998 79
6086 43
16857 92
16909 92
2832 27
1677 21
3185 30
1228 18
6347 45
2705 27
4453 36
1268 18
1948 23
2780 27
6089 44
15727 87
18531 100
1986 23
245 9
13262 76
15754 87
19244 103
14309 80
4637 36
13944 79
8765 63
976 17
5990 42
14851 83
7365 49
14725 82
2227 24
6073 44
15116 84
790 16
157 7
19283 103
4645 36
15378 85
17157 93
955 17
1008 16
14906 83
11005 65
60 6
3831 33
3752 32
7054 48
10711 64
3208 29
15249 85
7241 48
14216 80
6986 47
2881 27
19209 103
9196 58
8035 52
8781 56
5373 40
18979 102
1650 21
10185 62
10061 61
16889 92
18252 99
13018 74
9638 59
7975 51
11900 70
5664 41
3141 29
3004 28
2347 25
13392 77
13583 77
14473 81
2587 26
2446 25
12248 71
10081 61
16883 92
17684 96
7060 48
15420 86
19657 104
1914 23
16264 90
1380 19
18674 100
1754 21
8523 54
5425 40
13882 79
9054 57
13105 78
19638 105
17684 96
13596 77
5276 39
12881 74
18391 99
18636 100
14608 82
7784 51
1763 21
359 11
9700 60
9190 57
2596 26
15227 85
8542 54
2819 27
12174 71
332 10
17297 94
15699 87
3766 32
19803 106
19258 103
14050 79
19299 103
18182 98
5870 42
1740 22
2117 24
12781 74
18325 99
18909 101
12293 71
10116 62
6339 44
18496 100
7949 52
1947 22
2106 23
9989 61
1161 18
11366 67
17145 94
5914 43
17302 94
18127 98
14541 81
17421 95
4730 36
912 16
9300 58
16705 91
9483 59
1518 20
3916 33
8415 54
13878 79
16139 89
15078 84
15544 86
4269 34
16759 92
9372 58
18012 97
18248 98
5506 40
10805 65
3972 33
16618 91
3375 30
12460 72
3957 33
2474 25
15694 87
11337 74
15980 88
13023 75
9072 57
8853 56
18211 99
4808 37
2170 23
3723 32
11237 67
9489 59
8717 56
15411 86
18795 101
579 14
5244 39
8024 53
1136 18
5226 41
9822 61
8601 55
5975 42
8947 57
4596 36
7063 48
855 15
12108 71
14080 79
7524 50
13861 79
18622 101
4188 34
17983 97
13293 76
11754 69
19265 103
15784 87
519 12
8693 55
15393 85
6187 44
5610 41
9638 60
9131 58
19875 106
9874 61
6651 46
7053 47
19866 106
2181 24
16208 89
3730 32
15001 84
735 16
14026 79
2498 26
11495 68
17086 93
14706 83
6190 43
10929 66
16156 89
6279 44
8051 52
5503 40
14423 81
19188 103
12752 73
7362 49
882 16
17630 96
4801 37
888 16
2405 26
15985 88
19036 102
12697 73
206 8
7620 50
15743 87
12684 73
10499 63
15802 88
14084 79
5065 38
12959 74
16940 92
10591 64
8151 53
13474 77
11414 68
15724 87
14077 79
3347 30
3654 31
13725 78
16373 90
4481 35
18609 100
5627 41
16308 90
3454 31
7362 49
914 16
5690 41
15183 84
3702 31
122 7
16737 92
19204 103
17978 97
16524 90
10685 64
13887 79
5800 41
224 8
11012 66
117 6
12800 74
14716 82
13889 78
15265 85
7805 51
8901 56
11277 67
3392 30
1560 21
11341 68
3301 30
3802 32
10069 61
7961 52
467 12
17394 95
19151 102
9696 60
13481 77
8593 55
5691 41
19751 117
9640 59
2077 24
9913 61
16971 93
662 14
514 12
19983 107
3101 29
16616 91
11116 71
215 8
12895 74
19153 103
2605 26
6582 46
509 13
15949 88
6413 45
8162 53
7047 48
3930 32
7797 51
2632 26
9057 57
12568 73
12177 71
19824 105
6495 45
8715 56
13829 79
2402 25
14805 83
5699 41
18243 99
15549 86
1175 19
7001 48
256 9
10051 61
8830 56
4029 33
15291 85
17647 95
1663 22
6113 43
11818 69
5289 39
16772 92
4428 35
1739 22
10865 65
11248 66
10552 63
13497 77
8593 55
17227 94
11490 67
2949 29
15936 88
19091 102
3611 32
14067 79
19357 104
6458 45
159 7
1973 23
15538 86
11528 68
19727 105
4380 35
1151 18
11896 70
487 12
4498 36
6274 44
3231 30
18112 98
12398 99
18156 98
2740 27
2657 26
14385 81
16504 90
7304 48
13282 76
12362 71
16266 90
14682 82
6109 43
4200 34
18261 98
12210 71
16496 91
18180 110
9445 58
18712 101
8555 54
6172 44
18148 98
51 6
2444 25
908 17
11575 68
7950 52
6595 46
15228 85
19519 104
16460 90
11652 68
15242 85
19157 103
7157 48
662 14
7910 52
14489 82
9947 61
9936 61
18218 98
11998 70
19168 103
13338 76
9077 57
17984 97
18867 101
18436 100
1710 22
11432 68
15784 87
9085 57
6648 46
5812 42
17186 94
10391 63
10418 63
18015 97
4174 34
1016 17
5923 42
781 15
4516 35
13973 79
7532 50
7942 52
17690 96
15639 86
6934 47
2479 26
5610 41
19086 103
8753 56
16102 88
1090 17
4766 36
3699 32
3789 33
19372 104
19632 105
424 12
17307 94
8579 55
6871 47
7146 48
19974 106
15375 85
11910 70
17817 96
15516 86
18878 101
15243 84
1648 21
389 11
8411 54
14501 82
6855 46
18627 100
3671 32
16732 92
14405 81
3342 30
18334 99
1385 20
13187 75
2288 24
1208 18
17115 93
16085 89
8692 55
12197 71
14947 84
16503 90
12729 73
5211 39
4393 35
11774 69
13722 78
9035 57
6022 42
9370 58
774 15
9098 59
6642 45
14868 83
7586 50
14789 83
7423 49
1725 22
648 15
1850 22
16802 92
1853 22
19456 104
4786 37
1051 18
9620 59
1607 20
11423 68
5987 43
17300 94
15164 90
12137 71
13273 76
1958 23
6204 44
13968 79
619 15
6906 47
17726 96
1735 22
1987 22
5698 41
9428 58
4842 37
3488 30
8639 55
2712 26
12163 71
11611 68
3999 33
4787 37
4087 33
127 7
16194 89
1095 18
2965 28
9278 58
14917 83
6239 43
5539 40
17116 93
3912 32
6661 46
16544 90
13787 78
18583 99
4023 33
5829 42
8994 57
12364 72
2428 25
16350 90
17747 96
14099 79
9720 60
14193 80
19759 106
19038 102
10602 63
2967 28
14027 79
9514 59
10125 61
12576 75
16765 91
8545 54
12083 71
3091 28
19617 105
4358 35
4898 37
12102 71
3224 29
12332 71
10235 62
15151 84
17991 97
396 11
1403 20
9707 60
2436 26
15339 85
5318 40
14717 83
8838 56
5545 41
19682 105
936 17
18205 99
5400 40
3431 30
1045 18
12783 74
9823 60
878 16
12487 72
15591 86
11708 69
547 13
14535 82
15954 88
3367 30
2853 27
4444 35
18959 102
17628 96
11616 68
5431 40
3517 31
1477 20
49 5
1538 20
16905 93
13175 76
6969 47
18197 99
7613 50
18621 100
4329 35
13416 76
6398 45
3154 29
5793 42
4710 36
14201 80
8957 57
14403 81
3108 28
14858 83
10316 62
12589 73
10562 64
10640 64
3448 31
11512 68
9594 59
17737 96
1919 22
2369 25
1721 21
8508 55
1438 19
9358 58
10035 61
19461 104
11091 66
19026 102
1987 23
64 6
12422 72
11720 69
3320 30
18476 106
18112 98
6753 46
19420 104
5304 39
964 17
3872 33
18350 99
16493 90
13615 77
16324 90
2108 24
2936 27
10175 62
19703 105
19293 103
18754 101
13012 74
756 15
13408 76
143 7
13464 77
13050 74
13109 75
4471 36
10851 65
2466 25
11719 69
18750 101
10903 65
6212 46
9026 57
19092 103
16040 89
11462 68
16236 90
9650 60
1496 20
4543 36
5655 41
18538 100
8467 54
7578 50
12230 71
2320 24
11343 67
13643 77
17507 95
5644 41
17586 95
5056 38
18186 98
15888 87
13140 75
3142 29
11001 66
3792 32
11363 68
2268 24
2598 26
3236 29
1118 18
4657 37
9581 59
1526 20
2772 27
1484 20
8905 57
281 10
4844 37
1507 20
3666 31
4441 35
2790 27
8852 56
9467 59
2726 27
4058 33
18440 99
6833 46
14686 82
10496 63
1770 22
1340 19
8926 56
15236 85
3516 31
4554 35
14636 82
16457 90
607 14
8796 56
13540 77
9376 58
15637 86
17739 96
9618 59
6755 46
10491 63
111 7
4207 33
19363 103
7110 48
2972 28
15433 85
3922 33
11425 67
19109 103
7151 48
16846 93
12525 72
9849 60
4213 34
5397 40
18665 101
18415 99
10740 64
10943 65
5775 41
14018 79
8424 60
13563 77
19642 105
9673 60
17151 93
5518 40
3108 28
7664 50
15140 85
16869 92
18737 101
8603 55
18533 100
7131 48
7358 49
10692 64
2626 26
7187 48
2416 25
10791 65
6669 46
3114 28
9700 60
19042 102
14980 83
1622 20
11447 68
5234 39
7106 48
13226 76
9198 57
17521 95
678 15
17861 97
9949 61
9128 57
11184 66
11349 67
11999 70
2616 26
14782 83
7973 52
11188 66
1324 19
11924 70
549 13
19699 105
8400 54
18160 121
4480 36
18229 99
13620 77
2946 28
13752 116
2253 31
1403 25
19645 180
11438 94
12831 97
12428 74
1525 21
5692 43
12558 73
3900 32
2286 24
13119 75
11507 68
16638 91
18587 100
308 10
5198 39
8118 53
9201 58
2569 26
13118 75
7135 48
2135 24
14635 82
3304 29
16038 104
16782 92
119 7
358 10
7908 52
10567 64
7404 49
17514 95
11126 66
8555 55
18850 101
13721 78
8758 55
1155 17
9298 58
16148 89
10666 80
12149 70
11755 69
8916 56
9692 59
2355 25
16264 89
12119 70
12973 74
4219 34
12128 71
9297 58
10600 64
9854 60
3420 30
12368 72
17202 107
4781 37
8533 55
4200 34
11768 69
11988 70
10441 63
14247 81
12862 74
9473 59
14204 80
14298 80
2662 27
2289 24
12148 71
12357 72
636 14
15073 84
10322 62
10362 62
4748 37
9559 59
5880 42
375 10
12845 74
17104 93
5922 42
13302 75
16113 89
16158 89
3467 30
10061 61
7525 50
15578 95
827 16
2457 26
7817 51
10511 64
9551 59
7282 49
13481 77
6511 45
9051 57
1596 20
19032 102
10040 61
16816 92
15878 88
2679 26
10643 64
14237 80
18124 98
4905 38
3138 28
6718 46
14113 80
11540 68
14847 83
19469 104
98 6
7375 49
15600 86
9904 60
2719 27
14562 82
7760 51
15792 90
17530 95
19604 105
5047 38
4626 36
10293 63
6066 43
6354 44
12584 73
6013 42
4722 36
16952 93
15461 85
10655 64
19074 102
14174 80
10122 62
10128 62
8932 56
11340 67
11628 68
7414 49
13359 76
5059 38
5894 42
7359 49
1859 22
861 16
17341 95
8588 55
11622 68
7524 50
14831 86
865 16
13118 75
1482 20
3586 31
19473 104
1866 22
13186 76
8063 52
1255 18
11101 66
267 9
585 13
943 17
16988 93
16824 92
6826 47
7621 50
19226 103
6263 44
2758 27
2025 23
14748 83
4811 37
7826 51
16317 90
5242 39
3678 31
1555 20
7580 51
4831 37
1773 22
4088 34
3468 31
16037 88
943 17
10368 63
10998 65
16928 93
17647 96
6737 46
544 13
3864 33
15512 86
1023 17
10809 65
11932 70
197 8
6319 44
14340 81
6759 46
19823 106
13285 76
4501 36
11911 70
5654 41
10202 62
1599 21
6875 47
16857 92
13700 78
7943 51
12642 73
19839 106
19402 104
12567 73
19905 106
16116 89
7484 49
11134 66
5302 39
279 9
17731 96
19359 104
14620 82
12431 72
1949 23
19235 103
9506 59
7690 51
6643 45
19498 105
7584 50
8453 55
4338 35
3996 33
16537 91
9067 57
18319 99
12228 71
7466 49
9126 57
9936 60
15555 87
10002 61
14345 80
14225 80
3093 29
5175 39
19840 106
3527 30
19655 105
11276 67
10285 63
1567 21
1203 18
15085 84
4367 35
19311 104
19272 103
8890 56
17308 95
19139 103
7295 49
18810 101
5710 41
12445 72
3750 31
15744 87
18827 101
18952 102
7434 49
3720 32
2407 25
19187 103
5439 40
17567 95
4265 34
18349 99
19188 103
13088 75
2243 24
15977 88
7380 49
11578 68
16463 90
5520 40
8028 53
18945 102
5722 41
12500 72
19267 104
16465 90
9785 60
4557 35
15455 105
17174 97
11298 69
16857 92
4135 34
16755 92
6555 45
703 15
15762 87
9794 60
6306 44
6114 43
16830 92
16170 89
2176 24
8297 54
19769 106
4078 34
4829 37
8462 54
8792 56
9771 60
2747 27
4730 37
17962 97
15631 87
14588 81
4622 36
16399 90
11214 66
13152 75
3318 29
11064 66
9443 59
13515 77
16104 89
10836 65
2368 25
544 13
18412 99
6154 44
10544 63
13886 79
14899 83
14498 81
14668 82
10735 78
2729 27
9950 60
5020 38
7778 51
19011 102
1808 22
14940 83
16927 92
5112 39
1480 20
15761 87
16866 92
11209 66
7821 51
10448 63
17423 125
7073 48
11434 68
7964 51
4980 38
7946 52
14879 83
8148 53
6101 43
16911 92
4852 37
18355 99
9579 59
7166 48
15054 84
19883 121
10414 63
5622 41
2955 28
4638 36
9697 60
11558 68
1397 20
6723 46
4407 35
66 6
15887 88
4698 37
14972 83
10038 61
277 9
19666 105
13222 76
19287 103
15527 86
3771 32
3337 30
10840 65
1552 21
12937 74
6751 47
1921 23
1017 17
8629 56
9104 67
18176 98
3053 29
17 5
11459 68
6287 44
13110 75
11879 69
9350 58
12535 72
16392 90
17121 93
3137 29
4108 34
7564 50
17025 93
7433 49
8085 52
8436 54
17443 95
19498 104
2224 24
7443 49
16356 90
4920 38
7628 73
18898 102
17910 97
1973 22
12383 72
19019 102
17361 94
8095 52
19359 104
9018 57
14567 82
5597 41
18927 102
8073 52
2119 23
18125 98
223 9
8815 56
13797 78
7993 52
19567 105
3594 31
11289 67
18923 102
14000 79
5907 42
11679 68
10730 64
12248 71
18678 101
9349 58
1171 18
19492 104
8221 53
16242 89
11652 68
1748 21
9474 59
14748 83
14496 81
9585 59
5869 42
7530 50
15159 85
7108 48
646 14
15316 85
5139 39
836 15
5964 43
4954 38
9589 60
19473 104
2633 27
3847 32
5972 42
10291 63
13661 78
12116 70
13320 76
10495 63
4227 34
406 11
344 9
11165 67
3660 32
13766 78
11968 70
16871 92
18304 99
3604 31
13487 77
37 5
8649 55
13859 79
3918 32
7705 51
6624 54
3037 28
6926 47
9008 57
15659 109
14024 79
4602 36
10947 65
7343 49
3877 32
16779 92
7779 51
9531 59
1632 21
14746 101
14189 80
75 6
6922 47
2330 25
5550 41
14733 82
11712 68
17266 94
19164 103
7088 48
9201 58
15666 87
9042 57
13031 75
15507 86
13008 75
9551 59
18235 99
16887 92
19945 106
17515 95
14576 82
13330 76
18975 102
3413 30
11543 68
6512 45
4693 36
386 11
11220 67
10452 63
12237 71
9892 60
18155 98
19538 104
11860 69
14178 80
2883 27
3609 30
3264 29
17495 95
6432 45
7229 48
497 12
2023 24
12455 73
4093 34
16481 90
1843 22
6597 46
14281 80
13699 78
10347 62
9604 59
12594 73
15241 84
560 13
114 6
2615 27
19950 107
673 15
17541 95
10293 62
18086 98
14157 80
17725 96
9306 58
15131 84
19128 103
9381 58
9141 57
18036 98
14912 83
19228 103
6167 43
884 16
13441 76
7128 48
18923 102
7359 49
16608 97
1499 20
8937 57
8537 55
6371 44
9591 59
2403 26
6020 43
12143 71
774 15
11161 66
9108 57
14577 82
13165 75
7399 49
17034 93
4737 36
3290 30
17220 94
14586 82
19479 104
7175 48
18581 100
14709 82
18006 97
9528 59
10803 65
9456 58
13177 76
14073 79
8967 56
16041 91
8267 53
13348 76
19422 104
7418 49
5795 42
11791 69
7363 49
11746 69
3908 32
14401 81
11623 68
18842 101
6907 47
7290 49
14226 86
12786 74
9413 58
4861 37
14783 83
14868 83
155 8
17974 97
9548 59
15729 87
8020 52
4477 35
2292 25
13446 77
10876 65
9623 59
8184 53
16164 89
18632 100
13793 78
14894 83
18779 101
643 15
11800 69
1726 22
11804 69
16611 91
4437 35
11976 70
9883 60
4078 33
2601 26
19661 105
11500 67
2334 25
10332 62
9371 58
12214 71
10112 61
3489 30
6881 47
6283 44
10520 63
1578 20
3359 30
19355 104
1675 21
7643 50
13596 77
3661 31
17889 97
10885 65
11250 66
14304 80
15450 86
1785 21
15374 85
19900 106
13927 79
12562 72
14553 82
17185 93
4781 36
4137 33
8276 60
18997 102
11241 66
17451 95
1490 20
19478 104
6750 46
5504 40
9334 58
17513 95
6103 43
17883 97
12103 70
1425 20
10408 63
8963 59
9599 59
11381 68
16143 89
19786 105
3135 29
13543 77
376 12
15286 85
7396 49
14192 80
13353 76
8960 56
6895 47
748 15
1356 19
17463 95
19792 106
6171 44
12163 71
13401 76
302 10
16657 91
4749 37
11248 67
8467 54
15487 86
5373 40
15519 86
3383 30
6388 45
5495 40
18454 99
3710 31
16597 91
3078 28
16078 89
7990 52
12308 72
12175 71
11977 70
8216 53
10121 62
9418 58
3761 32
19466 104
6404 44
10800 64
7687 51
15043 84
13781 78
17688 96
7567 50
4737 37
19232 103
3423 30
14726 82
3349 30
19704 105
3251 31
12403 92
15597 89
2251 26
13826 81
3068 29
8885 58
5589 42
14141 83
13615 80
13440 79
196 8
17424 98
14224 83
2927 28
2395 26
7382 51
3829 33
413 12
4372 36
4948 39
310 9
4752 38
6804 48
18320 106
4000 34
16644 94
17084 96
1617 22
3877 34
10437 66
19879 110
11064 68
6658 47
8680 57
18132 102
13737 80
8427 56
7461 51
19062 106
9455 61
12183 73
16380 93
121 7
16541 94
7103 49
18486 104
19756 109
15114 87
1218 20
949 17
13463 80
10105 64
10448 65
9045 58
8542 56
19201 106
13405 79
17358 98
9776 62
9781 62
3360 31
15218 88
2413 26
11226 69
4964 39
8717 57
10968 68
1045 18
16534 94
6322 46
15407 88
6186 45
15364 88
8965 59
17587 99
19955 110
1675 22
2569 27
15465 89
5100 40
18643 104
19802 116
11895 72
10520 65
16623 94
35 6
1697 22
7219 50
18533 104
14076 82
1469 20
16082 91
7489 52
9723 62
2993 30
13026 77
12896 77
1240 19
5468 42
1431 20
4840 38
3818 32
19942 107
9653 60
3313 30
16894 93
2963 28
17293 94
2197 24
2712 27
7822 51
3346 30
1411 20
14778 83
15575 86
1876 22
9494 59
4067 34
5414 40
664 14
413 11
3841 33
6792 47
4012 33
17089 93
7266 49
3649 32
14520 82
19550 105
776 15
7850 52
17210 93
2786 27
10319 63
10599 64
17770 97
17371 95
17513 95
14565 81
7256 49
19687 105
19390 104
752 15
13546 77
3153 29
13587 78
2962 27
11441 68
18141 113
1883 22
5301 40
729 15
12442 72
17869 97
737 15
6277 44
10455 63
4119 34
3223 29
14722 83
8988 56
19213 103
9957 61
12266 71
2731 27
5594 41
17414 95
19774 106
12542 73
19937 106
15441 86
10991 65
10256 62
176 7
5062 38
10551 64
1074 18
4320 36
11252 66
17480 95
6127 43
18689 101
5089 39
19438 104
19981 106
7087 48
16935 92
6874 47
11171 67
15080 84
14867 83
10254 62
7670 50
2292 24
11399 68
5879 42
12298 72
18952 102
1905 23
10790 65
16645 91
14980 84
179 8
503 13
2037 23
15313 85
12392 72
19152 103
9479 58
14679 82
12449 72
12905 74
1285 19
1229 18
3435 31
1072 17
7810 51
10878 66
13930 79
9436 58
3412 30
3199 29
16196 89
13019 74
1958 22
9489 59
7852 51
560 14
15226 85
18451 99
4918 37
7212 48
1636 20
6734 46
8458 54
6770 46
16865 92
288 10
19243 103
6417 44
13947 79
16923 93
9884 61
14244 80
11430 67
17619 96
10150 61
12309 71
9224 57
8779 56
19013 109
6709 46
16933 93
5887 42
16153 89
530 13
4162 34
2000 23
15707 87
11076 66
8621 55
10143 62
2341 25
15051 84
13400 76
8215 53
12445 72
4434 35
5338 39
13982 79
8655 55
4046 33
7364 49
1649 21
15179 85
6444 45
14924 83
10331 63
2695 27
6885 47
61 6
2509 25
2274 24
1114 17
1035 17
7475 50
3639 32
1834 22
5352 40
12569 73
16642 91
1955 23
11854 76
8174 53
7278 49
5950 42
12029 70
2883 28
429 12
13701 78
16827 92
920 16
8423 54
3985 33
3749 32
6780 47
10551 64
9967 61
4786 37
17716 96
2527 26
12040 70
6717 46
9687 60
6753 46
6922 47
14392 80
18079 98
5313 40
16847 92
1722 21
19523 104
18115 98
14178 80
13117 75
16713 91
322 9
12783 73
12864 74
284 8
11590 68
7964 52
7683 51
10310 62
5642 41
1144 18
16991 93
16013 88
14788 83
2042 24
15452 86
8497 54
15631 87
11633 77
6337 44
11520 68
11517 68
3783 32
4775 37
11227 67
4053 33
15941 88
12052 70
419 12
10170 62
9223 57
19185 103
2112 24
19453 104
10449 63
5545 54
13153 75
3155 29
1040 18
11815 69
8943 56
4666 37
9368 58
4755 37
13136 75
12577 73
12902 74
2985 28
14473 81
14226 80
16686 91
14410 81
3203 54
19978 107
6807 46
19046 102
7900 51
16857 92
14408 81
18063 98
17859 97
11544 68
1439 19
11815 69
2437 25
18030 120
3309 30
9739 60
2864 27
11490 68
8097 52
18139 98
7465 49
14333 81
11131 66
5365 39
17451 95
9946 61
266 10
4949 37
14652 82
8750 55
4926 37
12053 71
18079 98
18394 99
9167 57
3792 31
9067 57
17604 95
17595 96
14542 81
12159 71
18661 101
8355 54
2558 26
6044 43
235 9
8668 55
13515 77
5283 39
8967 57
5904 42
18417 99
9674 60
15264 105
8022 52
2618 26
5162 39
15850 88
8441 54
14282 81
10175 62
6392 44
16021 88
5401 40
18897 101
1235 19
10217 62
5507 40
172 7
1572 21
18137 98
7336 49
12021 70
13483 77
19231 103
13036 75
9035 57
14570 81
8018 52
11351 68
4255 34
14626 82
578 13
16834 92
2560 26
17788 96
15130 84
11835 69
18013 97
7260 48
5231 39
7347 49
8367 54
7597 50
18182 98
3178 29
16430 90
5014 39
17879 97
5552 41
11522 68
19792 106
7907 51
1251 19
993 17
12108 71
9523 59
180 8
5161 39
2939 28
11895 70
6507 45
695 14
12964 97
18890 101
7192 48
6233 44
351 11
4341 35
9510 59
1262 19
17855 97
6529 46
12266 71
8231 53
3909 33
2484 26
13119 75
14040 79
18968 102
5224 39
11814 70
11437 67
5953 42
12271 71
4894 37
3276 29
19959 106
14805 83
6860 47
3277 29
19767 106
16850 92
14375 81
5385 40
1304 19
1096 17
12659 73
9086 57
9693 60
13211 76
8567 55
14130 80
14533 82
17014 93
6149 43
7515 50
11009 66
19793 105
10089 62
14457 81
12642 73
5864 42
11255 67
15746 87
16194 89
12324 71
15462 85
6577 45
2822 27
6384 45
6280 44
3742 32
13850 79
654 14
3172 29
6454 45
4421 35
19785 106
2546 26
15266 85
15314 85
13676 77
475 13
685 14
7702 51
7564 50
1369 20
19142 103
18907 102
17741 96
12337 72
10391 63
12008 70
1463 19
12639 73
10505 63
10135 61
13749 89
14607 82
1105 17
9189 58
3629 31
1940 23
7551 50
14099 80
1958 22
9063 57
15422 86
6487 45
11622 68
6506 45
9026 57
8244 53
16204 89
19196 103
14479 81
4154 33
1652 20
5027 38
3471 30
10017 61
12874 74
6719 46
5240 39
3218 29
1597 20
6090 43
11239 67
12281 71
13761 78
18361 99
357 11
10788 64
7756 51
19141 103
14686 82
6197 43
1562 21
1368 19
11962 70
15818 87
4314 35
1919 23
10714 64
11502 68
18716 101
15065 84
3556 31
11386 67
14990 83
18360 99
14497 81
1766 21
13779 78
3945 33
17715 96
17391 95
6631 46
5562 40
15459 86
17264 94
1121 18
5314 40
3387 30
11375 68
6345 44
18685 101
18375 99
8829 56
17245 94
5012 38
19283 103
11876 70
9009 57
1368 19
12434 72
5032 38
12711 74
14000 81
18767 101
11028 65
15687 87
942 16
6717 46
8328 54
5829 42
14655 82
10587 64
3969 33
11978 70
15289 85
1170 18
4372 35
13275 76
1800 22
14758 82
14456 81
6785 46
18540 100
11662 68
13330 76
6842 47
3018 28
1684 21
18319 99
4832 37
15611 87
13130 75
14657 82
19590 105
8147 53
2107 24
3214 29
12158 71
16673 91
10720 64
18269 99
15389 85
14467 81
4156 33
13004 75
12126 71
3632 31
9421 58
9134 57
16353 96
2463 25
4125 34
1057 18
1410 19
4575 36
15507 85
1219 18
18542 100
9250 58
8963 57
15109 84
12426 72
9595 59
18159 98
9119 57
7723 50
12864 74
8733 55
6161 43
11051 66
15886 88
17871 97
4361 35
18432 99
18912 101
4526 35
9130 57
4413 35
12093 71
9293 58
5863 42
15801 87
1885 22
4649 42
17421 95
4542 35
3325 30
19971 106
2103 23
7331 49
1801 21
5327 40
2062 23
5264 39
12470 72
18029 97
2808 27
1100 18
13556 77
3785 33
1885 22
11551 68
16280 89
9906 64
10747 65
9434 58
8380 53
19510 105
7999 51
16711 91
8671 55
5577 40
10683 64
15764 87
15541 86
10757 64
16458 90
13854 78
5375 39
8256 53
3572 31
920 17
553 13
5758 42
19443 104
15515 86
14817 83
11684 69
793 15
9520 59
3658 32
3364 29
7312 49
1757 22
5556 41
9004 57
8000 52
3717 32
11798 72
17340 94
16151 88
13148 75
19604 105
9400 58
12073 71
13957 79
13370 76
7763 51
1346 19
4004 34
3573 31
4576 35
13115 75
4611 36
13919 79
13960 79
6492 45
19079 102
15921 88
5325 39
19899 106
15076 84
723 16
16472 90
7421 49
6156 43
19147 103
11203 66
15233 85
11441 67
8879 56
5751 42
15129 84
17929 97
2144 24
16963 93
25 5
832 16
17027 93
7964 53
2663 27
3116 29
18302 99
4061 33
6514 45
2477 25
2915 28
12650 73
5999 43
4133 34
7970 53
6651 46
12807 74
14813 83
12385 72
5944 43
10837 75
3110 29
7010 48
12371 72
7127 48
8797 56
8833 56
1542 21
10894 65
17757 97
10701 64
10414 63
17661 96
18698 101
11988 70
9217 58
18971 102
6819 47
3703 31
12014 70
10159 62
12877 74
70 6
17652 96
14466 81
82 6
17684 96
18698 101
3563 31
19762 106
14297 80
3648 31
18240 99
12421 72
13408 77
7781 51
1275 19
10555 64
15440 86
7751 51
18106 98
6843 46
8701 55
388 11
6447 45
13947 79
17241 94
12831 74
11524 68
2185 25
18981 102
18656 100
803 15
17947 97
103 6
4734 37
221 8
9927 61
19249 103
18042 97
5078 38
2415 25
4799 37
2109 23
14776 83
14149 80
10085 61
9564 59
14605 81
14506 81
19305 103
71 6
9314 58
12675 83
11524 68
14336 80
2934 28
7390 49
63 6
3694 32
4716 36
16706 92
15548 86
6118 43
16231 90
18694 101
8539 65
3543 31
16988 93
3508 31
15986 88
6177 44
2237 24
12537 73
19808 106
14925 84
6841 47
18540 100
1844 22
84 6
7298 49
14276 80
14775 83
378 10
3245 30
7534 50
16613 91
2862 28
3979 33
10566 64
8812 56
16153 89
7563 50
4173 34
1992 23
170 7
11259 67
10666 64
13003 74
18948 102
16643 91
6700 46
9463 59
12159 71
10095 61
10716 64
1794 22
16087 89
11890 69
17097 93
18800 101
18108 98
5391 40
1016 17
17318 94
4326 35
2722 27
12173 71
5389 40
17241 93
2482 25
12599 73
10551 63
501 13
415 11
12851 74
17869 97
18689 100
11358 67
6225 44
4148 34
9130 57
16785 92
8968 56
90 6
12468 72
19644 105
7313 48
7934 52
12642 73
12131 71
19118 103
3263 30
10988 65
12539 73
17039 93
13119 75
19615 105
8561 55
7683 50
19612 105
12505 72
15631 87
1626 22
7413 49
14541 82
17129 94
4231 34
3071 28
13399 77
10863 65
393 11
2486 26
11085 66
3291 30
15130 84
4978 38
12206 71
19227 103
3291 29
12077 70
5194 39
5544 40
1368 19
6831 47
1166 18
7240 49
10484 63
11075 66
12574 73
15006 84
11535 68
3054 29
9173 57
12181 71
1154 18
19539 104
4387 35
15634 87
18125 98
11981 70
5250 39
5150 38
9024 57
4617 36
4772 37
17237 94
19007 102
1895 22
2486 25
6106 44
7806 51
18916 102
258 9
8728 56
16940 93
14518 81
4390 35
3820 32
12812 74
4317 35
19256 103
1097 18
5936 43
818 16
9824 61
18251 99
16764 92
4897 38
17023 93
10635 64
14062 79
17766 97
670 14
1368 20
6360 44
5122 38
17488 95
3448 30
13595 77
8121 53
10310 62
10908 65
10113 62
13186 75
13347 76
13803 78
18371 99
8911 56
9480 59
9296 58
9106 57
3448 30
10533 64
13771 78
19583 105
1996 23
8737 55
12631 73
19408 104
9064 57
880 16
13276 76
3175 30
5920 42
13747 78
296 10
10131 62
7867 51
11876 70
3221 29
10634 64
19777 105
7205 48
4252 34
3143 29
18696 100
6374 45
18211 98
17550 95
10727 64
17418 95
3099 29
9347 58
10225 62
13555 77
18863 101
5475 40
18955 102
9671 60
6603 45
16417 90
11839 69
16775 92
2180 24
11613 68
12782 73
15294 85
10280 62
8429 54
8867 56
11734 69
19663 105
5824 41
19346 104
6557 46
4299 35
3694 31
15604 86
9956 61
7361 49
13547 77
11834 69
18486 100
18490 99
2366 25
11193 66
13878 79
17086 93
3735 31
6122 43
19975 107
10507 63
16019 88
15995 88
16945 92
19839 106
18253 99
7977 51
11503 68
7674 50
3303 29
18345 99
4625 36
16123 89
19075 102
14153 80
1424 20
11035 66
15591 86
8580 55
10570 64
9786 60
17886 97
13021 75
17469 95
7862 60
15808 87
19002 102
4729 37
19567 105
15789 87
6520 45
890 16
1448 19
4919 38
8027 52
3656 31
3479 30
16530 90
3154 29
19995 107
17378 117
8453 54
14338 81
17200 94
18665 100
18536 100
5328 39
6579 45
2856 27
18091 98
4729 37
9285 58
7027 47
8151 53
18661 101
19 5
3702 49
9049 57
15198 85
8111 52
7120 48
424 11
10780 65
19269 115
17046 97
3628 37
6475 46
4229 35
10725 67
11622 71
7371 51
10092 64
8418 56
7082 50
1500 22
1284 19
11895 72
7415 51
19570 105
19805 106
3947 33
8885 56
19105 102
10104 61
3774 32
15224 85
7791 51
6641 46
15906 88
4685 46
2369 25
3707 32
604 14
2864 27
7876 52
19809 106
1243 19
5108 39
8226 53
16473 90
17014 93
17961 97
15197 84
17750 96
17328 94
6983 64
497 23
6854 47
19534 104
14823 83
10966 65
17985 97
10848 65
8030 52
14674 82
13107 75
13752 78
18434 99
13248 101
3874 33
17145 94
15240 85
2587 27
11037 68
3048 29
12287 74
13217 78
5866 42
13120 75
16974 93
18177 98
19785 105
6799 46
12653 73
9007 57
2119 23
19762 106
16297 98
13853 78
2756 27
14139 80
589 14
14889 83
11824 68
2853 27
5235 39
19790 106
15596 86
9317 58
16089 89
18839 101
5179 39
10988 65
6833 46
14891 83
7730 51
494 12
2273 25
12394 72
7321 49
19033 103
18479 99
12875 74
7712 51
10948 65
17274 94
3977 33
12620 73
6028 42
10852 65
5125 38
6805 46
12540 73
8115 52
6218 44
19332 104
9662 60
13883 78
10149 61
7516 50
14109 80
13765 78
5848 41
10360 63
2156 24
11595 68
2556 26
18224 99
3705 32
5937 42
6560 45
13502 77
15669 86
469 12
1766 22
6600 46
10872 65
6279 44
16420 90
9376 58
14925 83
7489 49
16702 92
19844 106
3175 29
7682 51
11087 66
5876 41
12037 70
13267 76
2060 23
2945 28
12056 70
14690 82
2949 27
8916 56
14884 83
12021 70
18153 98
11209 66
14479 81
12854 74
12532 72
18008 97
16305 90
16474 90
15731 87
8248 53
8342 54
12271 71
2577 26
8107 53
6757 46
19308 103
8398 54
18887 102
5594 40
464 12
1823 23
2533 27
14771 83
980 17
509 12
16035 89
1726 22
19825 115
15822 87
19828 106
1694 21
10303 63
6647 45
3913 32
646 14
4228 34
19830 106
1913 23
13887 79
13279 75
15601 86
1664 20
16005 88
7245 49
8785 56
14195 80
8268 53
4839 37
11765 69
17888 97
5276 39
6588 45
2088 24
5330 40
8174 53
3200 29
5865 42
9549 60
16350 90
17986 97
8181 53
15240 85
404 11
3909 33
6317 44
10064 62
18782 101
18261 98
8794 55
4826 37
6121 43
1727 22
9120 58
19541 105
16746 91
10980 65
19083 103
10486 63
4519 35
8082 53
2371 25
19514 105
15063 96
15840 87
8234 53
15892 88
2247 24
13544 77
11771 69
5675 41
18587 100
17993 120
11152 66
9228 57
1581 20
7754 51
19076 113
4603 37
9047 57
482 13
12319 72
5877 42
50 6
11123 66
4460 35
3774 32
12327 72
12960 74
10682 64
12510 72
5364 39
13242 76
13232 75
3391 30
3360 30
15768 87
5349 40
5466 40
14016 79
3238 30
4949 38
15619 87
10935 65
10768 65
12316 71
8217 53
2950 28
13669 78
5457 40
12869 74
5312 39
18244 98
8491 54
5391 39
7832 51
7909 51
9388 58
17779 97
17225 93
16396 90
2771 27
9498 59
1647 21
8456 54
5808 42
17201 94
10651 64
4125 34
11819 70
1206 19
7162 48
17726 96
18769 101
11577 68
17777 97
17976 97
5735 41
14677 82
6047 43
9537 65
6240 44
15811 87
16306 90
17591 96
8821 56
14400 81
7395 49
19034 102
9294 58
10204 62
5044 38
10637 64
12708 73
16985 93
3283 29
10106 61
15303 85
2280 24
11265 67
7235 49
12630 73
17223 94
226 9
7874 51
18230 99
17533 95
2687 27
19683 105
1952 23
9245 65
3939 33
6826 47
17961 97
11657 68
5226 39
14799 83
4627 36
16744 92
89 6
6368 44
14202 80
16511 91
9050 57
13330 76
4914 37
11235 67
16897 93
19615 105
802 15
4281 35
18384 99
11522 68
5155 38
3384 30
16406 90
11399 67
14791 83
15202 84
1913 23
8349 54
18322 99
7772 51
14483 82
3337 29
16363 90
19901 106
6390 44
19540 104
6110 43
6039 43
16873 93
6075 43
9408 58
11689 69
4828 37
7630 50
14598 82
28 5
1939 23
16675 91
4833 37
2454 25
9286 58
2926 27
16304 90
3339 30
6303 44
10568 64
203 8
3135 28
2937 27
13284 76
1506 20
8178 53
9058 57
10615 64
15472 86
163 7
1249 19
17374 95
14631 82
18699 101
9294 58
10844 65
15877 88
16338 90
19525 104
10756 65
10452 63
15135 85
17622 102
9419 58
1476 20
4485 35
12653 73
14732 83
3742 31
13268 76
14414 81
1266 19
5479 40
2674 26
5056 38
15521 86
12296 71
15622 86
3987 33
4904 37
16350 90
14759 82
2755 27
8128 53
12853 74
16124 88
5830 42
9669 60
15048 84
14805 83
14663 82
4677 36
19571 105
3255 29
16198 89
18160 98
3005 28
8528 54
10197 62
8190 53
14956 84
6253 44
6736 46
8288 53
8597 55
4308 34
2321 25
3856 33
11954 70
16856 92
10988 65
16002 88
19899 106
10166 62
3942 33
4164 34
10996 65
15544 86
18558 100
11197 66
10573 64
3978 33
12926 75
7775 51
18448 99
5834 41
616 14
12996 75
18160 98
8026 52
2406 25
77 6
448 11
9091 58
9237 58
9707 60
6822 46
16458 90
11001 65
6712 46
16136 89
13027 75
10056 61
6478 45
15027 84
14902 83
5905 42
16668 91
3889 32
6784 47
5589 41
6971 47
16467 90
7124 48
16872 92
16083 89
10804 64
19653 105
3971 33
14567 82
15704 87
12972 74
19881 106
16234 89
15551 96
7191 48
3081 28
14912 83
16156 89
4080 34
13480 77
13871 78
16164 92
253 8
12820 73
11709 69
9105 57
208 8
9790 60
11451 68
16660 92
15672 86
19464 104
16537 91
13022 74
5535 41
17354 95
12653 73
14114 80
1367 20
6193 44
9376 59
16317 90
1884 22
11490 68
19934 107
11515 68
3240 29
14390 81
15904 88
3737 31
13077 75
4048 33
13418 77
344 11
3564 31
4728 36
6297 44
6567 45
8988 57
3774 32
10229 62
6061 43
10980 66
216 8
4388 34
59 5
10957 65
8866 56
11601 68
9515 59
19767 105
8888 56
16764 92
8213 53
16890 92
1071 18
19262 103
2690 26
18488 100
18228 99
10471 63
12743 73
14325 80
10429 63
4703 36
12209 71
18534 114
12617 73
18775 101
11678 68
8024 52
1760 21
11644 68
14477 81
1423 19
5093 38
10630 64
11199 66
7727 50
4518 35
6695 46
6899 47
1188 18
14369 81
16545 91
3229 30
3457 31
11016 66
8030 52
9063 57
15320 85
18956 102
2017 23
12181 71
8256 53
11580 68
17727 96
7372 49
18057 98
4343 35
11596 69
16819 92
14142 79
15163 84
10429 63
4483 35
10544 64
15356 85
2608 26
16022 89
17057 92
18841 101
1148 18
1731 21
5221 39
7030 48
1963 26
19437 104
16106 88
18246 99
17429 95
4072 34
12153 71
16916 93
14722 83
10121 61
8671 55
11692 69
1025 17
2828 27
11966 76
13642 77
12423 72
18277 99
1624 21
1031 17
4514 36
11564 68
4586 36
13501 77
12341 71
1649 21
10271 62
5270 39
438 12
12186 71
11201 66
1018 17
5892 43
10347 63
19558 105
8640 55
8833 56
10867 65
10823 65
7000 47
6094 43
16912 92
15491 86
9928 61
8946 56
11388 67
18502 100
19331 109
17019 92
9981 61
1147 18
15957 88
10219 62
10698 64
15111 84
14205 80
4989 38
13158 76
13871 78
14072 79
19320 104
4115 37
14132 80
11618 68
19975 107
9637 59
11761 69
19241 103
16441 90
8247 53
15846 87
2828 27
14036 79
992 16
7424 50
19450 104
15428 86
18489 99
13155 75
6022 43
3607 31
11501 68
235 9
17421 95
3308 30
17576 96
9906 61
12359 72
18364 99
12625 95
470 12
3942 33
4846 37
10897 65
19312 103
2798 27
10941 65
8889 56
9651 60
2717 27
19257 103
5450 40
19310 104
5349 39
9776 60
8864 56
6115 43
15843 88
2569 26
1953 23
12487 72
3083 29
18956 102
7685 50
5690 41
15817 87
9469 59
102 6
17876 97
12516 72
14450 81
18005 98
14312 80
1505 20
15990 88
17110 93
2568 26
1225 18
16461 91
10277 63
4104 34
13802 78
10027 61
19077 102
16866 92
5880 42
962 16
11483 68
13761 78
16997 93
12981 74
11765 69
730 15
17919 97
3263 30
1534 21
165 8
4146 34
6470 45
14513 82
16137 89
1914 27
8020 52
8550 54
13111 75
11422 67
17761 99
10481 63
12097 70
16338 90
4876 37
16851 92
9650 59
16971 93
14790 83
11740 68
10572 63
8046 52
2492 25
13089 75
11583 68
12750 74
8378 53
15625 86
13541 77
3945 33
15149 84
10245 62
18959 102
11565 80
9316 58
7269 48
10376 63
213 8
9825 60
11029 66
19493 105
7070 47
11906 70
14691 82
4129 34
610 14
17715 96
5216 39
7800 51
2126 24
19625 105
12351 71
14815 83
4377 35
18085 98
11880 75
14158 79
5911 42
19464 104
6071 43
9909 61
138 7
18758 101
12505 72
6880 47
6131 43
13128 75
12080 70
13579 77
1905 22
16324 90
2419 25
16111 89
772 16
918 16
17580 96
8090 53
14179 80
12936 74
15507 86
3513 31
7541 50
3020 28
1025 17
16170 89
12469 72
9745 60
7637 50
5093 38
7463 49
16889 92
13597 77
14028 80
19846 106
18850 101
5275 39
2003 23
6779 46
6100 43
18765 101
4963 38
5826 42
5677 41
14745 83
149 7
2060 23
19118 103
15776 87
7199 49
17684 96
364 11
10715 65
8338 53
12944 74
2947 28
13888 79
10330 62
11902 70
10573 64
13445 77
8623 55
3012 28
6639 46
10140 62
19467 104
6196 44
14725 82
6748 46
109 6
8038 52
17669 96
15556 86
8743 55
7842 51
317 9
15839 88
10606 64
2813 27
4172 34
7651 51
7606 50
4139 34
5201 39
5288 39
6127 43
15917 88
12674 73
10745 64
12026 70
7434 49
13207 75
14021 80
15859 88
3063 28
2787 27
16574 91
2888 27
4222 34
15678 87
12508 72
17680 96
3856 32
5447 40
13799 78
16300 90
11243 67
15040 84
4796 36
6921 47
12939 94
7170 48
3499 30
6741 46
3396 29
8724 56
333 10
9076 57
8888 56
14534 81
17408 95
12903 74
11280 67
15251 85
3981 33
8981 57
9142 57
2297 25
17069 93
14910 83
16246 89
5123 41
8284 53
16744 92
9621 59
7791 51
19623 105
10811 65
17336 94
9407 58
735 15
12532 72
4302 35
7309 49
11396 67
3053 28
5745 42
3914 33
9497 59
15729 101
3363 30
18355 99
17010 93
5011 38
15288 85
6146 43
1038 17
8000 52
19477 104
2364 25
13161 75
13535 77
5171 39
12554 72
291 10
3599 31
5443 40
19301 103
18030 97
6865 46
4896 37
8144 53
15472 86
11156 67
13180 75
8341 54
6254 44
2322 25
9502 59
13157 76
15124 84
3922 32
6508 67
14081 80
6974 47
5345 39
4501 35
8985 57
15890 88
7164 48
6320 44
5337 39
14025 79
4278 34
3974 33
12879 74
911 17
7002 47
6930 47
10232 62
6996 47
7976 52
12763 74
12335 72
8622 55
18756 101
5265 39
18296 99
14630 82
3646 31
3876 33
9429 58
14357 81
13928 79
10295 62
6304 44
10523 63
5341 39
17233 94
2390 24
17118 93
12322 71
17527 95
11595 68
18252 98
9207 57
18828 101
13806 78
788 16
5342 40
10776 65
16024 89
16235 89
9753 59
2252 24
9564 59
13742 78
9553 59
9515 59
11267 67
16101 89
5904 42
13283 76
10610 64
3756 32
15929 88
10449 63
19395 104
7405 49
15821 87
1948 23
7951 52
13249 76
14622 82
5763 42
17387 95
9163 57
16563 91
15100 84
8882 56
13836 81
4955 38
7824 51
13732 78
4697 36
13741 78
19010 102
12277 71
7830 51
17137 93
15991 88
12388 72
7580 50
5004 38
5295 39
371 12
6363 44
9147 64
5393 40
11666 69
14865 83
11305 67
8001 52
8020 52
1979 23
12554 73
6115 44
19648 105
17440 95
12136 70
2424 25
11037 66
15905 88
18871 101
15587 86
11909 70
9804 60
6668 46
10365 63
1504 20
11719 69
14803 83
13214 75
5633 41
7935 52
17671 96
7900 51
15953 94
15174 84
18729 101
15240 84
19244 103
3788 32
715 15
15689 87
12195 71
15009 83
12031 70
19028 102
2775 28
19242 103
19999 106
13227 76
5295 39
5685 41
2627 26
17846 97
3313 30
6903 47
5731 41
10642 64
8605 55
19787 106
6676 46
6480 45
6620 46
13974 79
19450 105
4838 37
10271 63
12797 74
3747 31
4960 38
12904 74
5211 39
19607 105
11761 69
16895 92
1651 21
16150 89
18546 100
17564 96
5859 42
7266 48
13710 78
4596 35
14801 83
16038 89
16424 90
17780 97
3318 30
15189 85
9171 57
11777 69
6933 47
16494 91
11969 70
105 6
10658 64
14559 82
16690 91
15721 87
11664 68
13650 77
16316 90
4734 36
2662 26
17733 96
10781 64
16167 89
13071 75
4319 34
9702 60
1379 19
11399 68
7787 51
5254 39
4851 37
6761 46
17695 96
2454 25
17010 93
8772 56
39 5
11554 68
4892 38
11732 69
10401 63
19878 106
6084 43
6505 45
12104 71
322 10
19314 104
9246 58
13598 77
11020 65
1409 20
1141 18
4261 35
10255 62
2896 28
17249 94
7689 50
15763 88
2411 25
16650 91
15410 85
2067 24
14024 79
7325 49
1735 21
170 8
1082 17
7649 51
3297 30
5578 41
834 16
15095 84
2554 27
11726 69
15447 86
19749 106
10999 66
4207 34
643 15
19573 105
343 10
15062 84
17388 95
19584 105
8111 55
550 13
19780 155
18703 101
11045 66
14314 81
5542 40
10609 64
1699 21
1850 22
17618 96
7021 47
17276 94
59 5
9503 59
5299 39
3148 29
7056 48
17506 95
9088 57
8771 55
17267 95
7527 50
15478 86
2125 24
8370 54
8020 52
6359 44
13319 76
6112 43
14411 81
19100 103
5828 42
31 5
8938 57
19197 103
6895 47
6485 45
7184 49
7255 49
9265 58
4271 34
18577 100
1056 18
2309 25
4500 49
2416 25
10834 65
13004 74
5353 40
11241 67
8733 56
13262 76
544 13
19800 106
16686 91
8566 54
18073 98
18344 99
8014 52
4443 35
18639 101
8235 53
4992 38
13507 77
8837 55
8083 52
17865 97
70 5
10040 61
9720 60
8356 53
12548 73
10480 63
19083 102
15727 101
2341 25
9343 58
6577 45
10669 64
